-200 -7.839e+06
-195 -7.2618e+06
-190 -6.71365e+06
-185 -6.1938e+06
-180 -5.7015e+06
-175 -5.236e+06
-170 -4.79655e+06
-165 -4.3824e+06
-160 -3.9928e+06
-155 -3.627e+06
-150 -3.28425e+06
-145 -2.9638e+06
-140 -2.6649e+06
-135 -2.3868e+06
-130 -2.12875e+06
-125 -1.89e+06
-120 -1.6698e+06
-115 -1.4674e+06
-110 -1.28205e+06
-105 -1.113e+06
-100 -959498
-95 -820798
-90 -696148
-85 -584798
-80 -485998
-75 -398998
-70 -323048
-65 -257398
-60 -201298
-55 -153998
-50 -114748
-45 -82798
-40 -57398
-35 -37798
-30 -23248
-25 -12998
-20 -6298
-15 -2398
-10 -548
-5 2
0 2
5 202
10 1352
15 4202
20 9502
25 18002
30 30452
35 47602
40 70202
45 99002
50 134752
55 178202
60 230102
65 291202
70 362252
75 444002
80 537202
85 642602
90 760952
95 893002
100 1.0395e+06
105 1.2012e+06
110 1.37885e+06
115 1.5732e+06
120 1.785e+06
125 2.015e+06
130 2.26395e+06
135 2.5326e+06
140 2.8217e+06
145 3.132e+06
150 3.46425e+06
155 3.8192e+06
160 4.1976e+06
165 4.6002e+06
170 5.02775e+06
175 5.481e+06
180 5.9607e+06
185 6.4676e+06
190 7.00245e+06
195 7.566e+06
200 8.159e+06
