-200 -202
-199 -201
-198 -200
-197 -199
-196 -198
-195 -197
-194 -196
-193 -195
-192 -194
-191 -193
-190 -192
-189 -191
-188 -190
-187 -189
-186 -188
-185 -187
-184 -186
-183 -185
-182 -184
-181 -183
-180 -182
-179 -181
-178 -180
-177 -179
-176 -178
-175 -177
-174 -176
-173 -175
-172 -174
-171 -173
-170 -172
-169 -171
-168 -170
-167 -169
-166 -168
-165 -167
-164 -166
-163 -165
-162 -164
-161 -163
-160 -162
-159 -161
-158 -160
-157 -159
-156 -158
-155 -157
-154 -156
-153 -155
-152 -154
-151 -153
-150 -152
-149 -151
-148 -150
-147 -149
-146 -148
-145 -147
-144 -146
-143 -145
-142 -144
-141 -143
-140 -142
-139 -141
-138 -140
-137 -139
-136 -138
-135 -137
-134 -136
-133 -135
-132 -134
-131 -133
-130 -132
-129 -131
-128 -130
-127 -129
-126 -128
-125 -127
-124 -126
-123 -125
-122 -124
-121 -123
-120 -122
-119 -121
-118 -120
-117 -119
-116 -118
-115 -117
-114 -116
-113 -115
-112 -114
-111 -113
-110 -112
-109 -111
-108 -110
-107 -109
-106 -108
-105 -107
-104 -106
-103 -105
-102 -104
-101 -103
-100 -102
-99 -101
-98 -100
-97 -99
-96 -98
-95 -97
-94 -96
-93 -95
-92 -94
-91 -93
-90 -92
-89 -91
-88 -90
-87 -89
-86 -88
-85 -87
-84 -86
-83 -85
-82 -84
-81 -83
-80 -82
-79 -81
-78 -80
-77 -79
-76 -78
-75 -77
-74 -76
-73 -75
-72 -74
-71 -73
-70 -72
-69 -71
-68 -70
-67 -69
-66 -68
-65 -67
-64 -66
-63 -65
-62 -64
-61 -63
-60 -62
-59 -61
-58 -60
-57 -59
-56 -58
-55 -57
-54 -56
-53 -55
-52 -54
-51 -53
-50 -52
-49 -51
-48 -50
-47 -49
-46 -48
-45 -47
-44 -46
-43 -45
-42 -44
-41 -43
-40 -42
-39 -41
-38 -40
-37 -39
-36 -38
-35 -37
-34 -36
-33 -35
-32 -34
-31 -33
-30 -32
-29 -31
-28 -30
-27 -29
-26 -28
-25 -27
-24 -26
-23 -25
-22 -24
-21 -23
-20 -22
-19 -21
-18 -20
-17 -19
-16 -18
-15 -17
-14 -16
-13 -15
-12 -14
-11 -13
-10 -12
-9 -10.9999
-8 -9.99966
-7 -8.99909
-6 -7.99752
-5 -6.99326
-4 -5.98168
-3 -4.95021
-2 -3.86466
-1 -2.63212
0 -1
1 1.71828
2 7.38906
3 21.0855
4 56.5982
5 151.413
6 407.429
7 1101.63
8 2986.96
9 8110.08
10 22034.5
11 59883.1
12 162765
13 442424
14 1.20262e+06
15 3.26903e+06
16 8.88612e+06
17 2.4155e+07
18 6.566e+07
19 1.78482e+08
20 4.85165e+08
21 1.31882e+09
22 3.58491e+09
23 9.7448e+09
24 2.64891e+10
25 7.20049e+10
26 1.9573e+11
27 5.32048e+11
28 1.44626e+12
29 3.93133e+12
30 1.06865e+13
31 2.90488e+13
32 7.8963e+13
33 2.14644e+14
34 5.83462e+14
35 1.58601e+15
36 4.31123e+15
37 1.17191e+16
38 3.18559e+16
39 8.65934e+16
40 2.35385e+17
41 6.39843e+17
42 1.73927e+18
43 4.72784e+18
44 1.28516e+19
45 3.49343e+19
46 9.49612e+19
47 2.58131e+20
48 7.01674e+20
49 1.90735e+21
50 5.18471e+21
51 1.40935e+22
52 3.83101e+22
53 1.04138e+23
54 2.83075e+23
55 7.69479e+23
56 2.09166e+24
57 5.68572e+24
58 1.54554e+25
59 4.20121e+25
60 1.14201e+26
61 3.1043e+26
62 8.43836e+26
63 2.29378e+27
64 6.23515e+27
65 1.69489e+28
66 4.60719e+28
67 1.25236e+29
68 3.40428e+29
69 9.25378e+29
70 2.51544e+30
71 6.83767e+30
72 1.85867e+31
73 5.05239e+31
74 1.37338e+32
75 3.73324e+32
76 1.0148e+33
77 2.75851e+33
78 7.49842e+33
79 2.03828e+34
80 5.54062e+34
81 1.5061e+35
82 4.094e+35
83 1.11286e+36
84 3.02508e+36
85 8.22301e+36
86 2.23525e+37
87 6.07603e+37
88 1.65164e+38
89 4.48961e+38
90 1.2204e+39
91 3.3174e+39
92 9.01763e+39
93 2.45125e+40
94 6.66318e+40
95 1.81124e+41
96 4.92346e+41
97 1.33833e+42
98 3.63797e+42
99 9.88903e+42
100 2.68812e+43
101 7.30706e+43
102 1.98626e+44
103 5.39923e+44
104 1.46766e+45
105 3.98952e+45
106 1.08446e+46
107 2.94788e+46
108 8.01316e+46
109 2.1782e+47
110 5.92097e+47
111 1.60949e+48
112 4.37504e+48
113 1.18926e+49
114 3.23274e+49
115 8.7875e+49
116 2.38869e+50
117 6.49313e+50
118 1.76502e+51
119 4.79781e+51
120 1.30418e+52
121 3.54513e+52
122 9.63667e+52
123 2.61952e+53
124 7.12059e+53
125 1.93558e+54
126 5.26144e+54
127 1.43021e+55
128 3.88771e+55
129 1.05679e+56
130 2.87265e+56
131 7.80867e+56
132 2.12262e+57
133 5.76987e+57
134 1.56841e+58
135 4.26339e+58
136 1.15891e+59
137 3.15024e+59
138 8.56325e+59
139 2.32773e+60
140 6.32743e+60
141 1.71997e+61
142 4.67537e+61
143 1.2709e+62
144 3.45466e+62
145 9.39074e+62
146 2.55267e+63
147 6.93887e+63
148 1.88618e+64
149 5.12717e+64
150 1.39371e+65
151 3.7885e+65
152 1.02982e+66
153 2.79934e+66
154 7.6094e+66
155 2.06845e+67
156 5.62263e+67
157 1.52839e+68
158 4.15459e+68
159 1.12933e+69
160 3.06985e+69
161 8.34472e+69
162 2.26833e+70
163 6.16596e+70
164 1.67608e+71
165 4.55606e+71
166 1.23847e+72
167 3.3665e+72
168 9.15109e+72
169 2.48752e+73
170 6.76179e+73
171 1.83805e+74
172 4.99633e+74
173 1.35814e+75
174 3.69181e+75
175 1.00354e+76
176 2.7279e+76
177 7.41521e+76
178 2.01566e+77
179 5.47914e+77
180 1.48938e+78
181 4.04857e+78
182 1.10051e+79
183 2.99151e+79
184 8.13176e+79
185 2.21044e+80
186 6.0086e+80
187 1.63331e+81
188 4.43979e+81
189 1.20686e+82
190 3.28059e+82
191 8.91756e+82
192 2.42404e+83
193 6.58924e+83
194 1.79114e+84
195 4.86882e+84
196 1.32348e+85
197 3.5976e+85
198 9.77929e+85
199 2.65829e+86
200 7.22597e+86
