-200 -202
-195 -197
-190 -192
-185 -187
-180 -182
-175 -177
-170 -172
-165 -167
-160 -162
-155 -157
-150 -152
-145 -147
-140 -142
-135 -137
-130 -132
-125 -127
-120 -122
-115 -117
-110 -112
-105 -107
-100 -102
-95 -97
-90 -92
-85 -87
-80 -82
-75 -77
-70 -72
-65 -67
-60 -62
-55 -57
-50 -52
-45 -47
-40 -42
-35 -37
-30 -32
-25 -27
-20 -22
-15 -17
-10 -12
-5 -6.99326
0 -1
5 151.413
10 22034.5
15 3.26903e+06
20 4.85165e+08
25 7.20049e+10
30 1.06865e+13
35 1.58601e+15
40 2.35385e+17
45 3.49343e+19
50 5.18471e+21
55 7.69479e+23
60 1.14201e+26
65 1.69489e+28
70 2.51544e+30
75 3.73324e+32
80 5.54062e+34
85 8.22301e+36
90 1.2204e+39
95 1.81124e+41
100 2.68812e+43
105 3.98952e+45
110 5.92097e+47
115 8.7875e+49
120 1.30418e+52
125 1.93558e+54
130 2.87265e+56
135 4.26339e+58
140 6.32743e+60
145 9.39074e+62
150 1.39371e+65
155 2.06845e+67
160 3.06985e+69
165 4.55606e+71
170 6.76179e+73
175 1.00354e+76
180 1.48938e+78
185 2.21044e+80
190 3.28059e+82
195 4.86882e+84
200 7.22597e+86
