-200 -7.839e+06
-199.95 -7.83309e+06
-199.9 -7.82718e+06
-199.85 -7.82126e+06
-199.8 -7.81535e+06
-199.75 -7.80944e+06
-199.7 -7.80353e+06
-199.65 -7.79763e+06
-199.6 -7.79172e+06
-199.55 -7.78581e+06
-199.5 -7.7799e+06
-199.45 -7.77402e+06
-199.4 -7.76815e+06
-199.35 -7.76227e+06
-199.3 -7.7564e+06
-199.25 -7.75052e+06
-199.2 -7.74465e+06
-199.15 -7.73878e+06
-199.1 -7.73291e+06
-199.05 -7.72703e+06
-199 -7.72116e+06
-198.95 -7.71531e+06
-198.9 -7.70947e+06
-198.85 -7.70362e+06
-198.8 -7.69777e+06
-198.75 -7.69193e+06
-198.7 -7.68608e+06
-198.65 -7.68024e+06
-198.6 -7.67439e+06
-198.55 -7.66855e+06
-198.5 -7.66271e+06
-198.45 -7.65689e+06
-198.4 -7.65107e+06
-198.35 -7.64525e+06
-198.3 -7.63943e+06
-198.25 -7.63362e+06
-198.2 -7.6278e+06
-198.15 -7.62199e+06
-198.1 -7.61617e+06
-198.05 -7.61036e+06
-198 -7.60455e+06
-197.95 -7.59876e+06
-197.9 -7.59297e+06
-197.85 -7.58718e+06
-197.8 -7.58139e+06
-197.75 -7.57561e+06
-197.7 -7.56982e+06
-197.65 -7.56403e+06
-197.6 -7.55825e+06
-197.55 -7.55247e+06
-197.5 -7.54668e+06
-197.45 -7.54092e+06
-197.4 -7.53516e+06
-197.35 -7.5294e+06
-197.3 -7.52365e+06
-197.25 -7.51789e+06
-197.2 -7.51213e+06
-197.15 -7.50638e+06
-197.1 -7.50062e+06
-197.05 -7.49487e+06
-197 -7.48911e+06
-196.95 -7.48338e+06
-196.9 -7.47765e+06
-196.85 -7.47192e+06
-196.8 -7.46619e+06
-196.75 -7.46047e+06
-196.7 -7.45474e+06
-196.65 -7.44901e+06
-196.6 -7.44329e+06
-196.55 -7.43756e+06
-196.5 -7.43184e+06
-196.45 -7.42614e+06
-196.4 -7.42043e+06
-196.35 -7.41473e+06
-196.3 -7.40903e+06
-196.25 -7.40334e+06
-196.2 -7.39764e+06
-196.15 -7.39194e+06
-196.1 -7.38624e+06
-196.05 -7.38055e+06
-196 -7.37485e+06
-195.95 -7.36918e+06
-195.9 -7.36351e+06
-195.85 -7.35784e+06
-195.8 -7.35217e+06
-195.75 -7.3465e+06
-195.7 -7.34083e+06
-195.65 -7.33516e+06
-195.6 -7.32949e+06
-195.55 -7.32383e+06
-195.5 -7.31816e+06
-195.45 -7.31252e+06
-195.4 -7.30688e+06
-195.35 -7.30123e+06
-195.3 -7.29559e+06
-195.25 -7.28995e+06
-195.2 -7.28431e+06
-195.15 -7.27867e+06
-195.1 -7.27304e+06
-195.05 -7.2674e+06
-195 -7.26176e+06
-194.95 -7.25615e+06
-194.9 -7.25053e+06
-194.85 -7.24492e+06
-194.8 -7.23931e+06
-194.75 -7.2337e+06
-194.7 -7.22809e+06
-194.65 -7.22248e+06
-194.6 -7.21687e+06
-194.55 -7.21126e+06
-194.5 -7.20565e+06
-194.45 -7.20007e+06
-194.4 -7.19448e+06
-194.35 -7.1889e+06
-194.3 -7.18332e+06
-194.25 -7.17773e+06
-194.2 -7.17215e+06
-194.15 -7.16657e+06
-194.1 -7.16099e+06
-194.05 -7.15541e+06
-194 -7.14983e+06
-193.95 -7.14428e+06
-193.9 -7.13872e+06
-193.85 -7.13316e+06
-193.8 -7.12761e+06
-193.75 -7.12206e+06
-193.7 -7.1165e+06
-193.65 -7.11095e+06
-193.6 -7.1054e+06
-193.55 -7.09985e+06
-193.5 -7.0943e+06
-193.45 -7.08877e+06
-193.4 -7.08325e+06
-193.35 -7.07772e+06
-193.3 -7.0722e+06
-193.25 -7.06667e+06
-193.2 -7.06115e+06
-193.15 -7.05562e+06
-193.1 -7.0501e+06
-193.05 -7.04458e+06
-193 -7.03906e+06
-192.95 -7.03356e+06
-192.9 -7.02806e+06
-192.85 -7.02256e+06
-192.8 -7.01707e+06
-192.75 -7.01157e+06
-192.7 -7.00608e+06
-192.65 -7.00058e+06
-192.6 -6.99509e+06
-192.55 -6.9896e+06
-192.5 -6.9841e+06
-192.45 -6.97863e+06
-192.4 -6.97316e+06
-192.35 -6.96769e+06
-192.3 -6.96223e+06
-192.25 -6.95676e+06
-192.2 -6.95129e+06
-192.15 -6.94583e+06
-192.1 -6.94036e+06
-192.05 -6.9349e+06
-192 -6.92943e+06
-191.95 -6.92399e+06
-191.9 -6.91855e+06
-191.85 -6.91311e+06
-191.8 -6.90767e+06
-191.75 -6.90223e+06
-191.7 -6.8968e+06
-191.65 -6.89136e+06
-191.6 -6.88592e+06
-191.55 -6.88049e+06
-191.5 -6.87505e+06
-191.45 -6.86964e+06
-191.4 -6.86423e+06
-191.35 -6.85882e+06
-191.3 -6.8534e+06
-191.25 -6.84799e+06
-191.2 -6.84258e+06
-191.15 -6.83718e+06
-191.1 -6.83177e+06
-191.05 -6.82636e+06
-191 -6.82095e+06
-190.95 -6.81557e+06
-190.9 -6.81019e+06
-190.85 -6.8048e+06
-190.8 -6.79942e+06
-190.75 -6.79404e+06
-190.7 -6.78866e+06
-190.65 -6.78328e+06
-190.6 -6.7779e+06
-190.55 -6.77252e+06
-190.5 -6.76714e+06
-190.45 -6.76179e+06
-190.4 -6.75643e+06
-190.35 -6.75108e+06
-190.3 -6.74572e+06
-190.25 -6.74037e+06
-190.2 -6.73502e+06
-190.15 -6.72966e+06
-190.1 -6.72431e+06
-190.05 -6.71896e+06
-190 -6.71361e+06
-189.95 -6.70828e+06
-189.9 -6.70296e+06
-189.85 -6.69763e+06
-189.8 -6.69231e+06
-189.75 -6.68698e+06
-189.7 -6.68166e+06
-189.65 -6.67633e+06
-189.6 -6.67101e+06
-189.55 -6.66569e+06
-189.5 -6.66037e+06
-189.45 -6.65507e+06
-189.4 -6.64977e+06
-189.35 -6.64447e+06
-189.3 -6.63917e+06
-189.25 -6.63388e+06
-189.2 -6.62858e+06
-189.15 -6.62328e+06
-189.1 -6.61799e+06
-189.05 -6.6127e+06
-189 -6.6074e+06
-188.95 -6.60213e+06
-188.9 -6.59686e+06
-188.85 -6.59159e+06
-188.8 -6.58632e+06
-188.75 -6.58105e+06
-188.7 -6.57579e+06
-188.65 -6.57052e+06
-188.6 -6.56525e+06
-188.55 -6.55999e+06
-188.5 -6.55472e+06
-188.45 -6.54948e+06
-188.4 -6.54423e+06
-188.35 -6.53899e+06
-188.3 -6.53375e+06
-188.25 -6.52851e+06
-188.2 -6.52327e+06
-188.15 -6.51803e+06
-188.1 -6.51279e+06
-188.05 -6.50756e+06
-188 -6.50232e+06
-187.95 -6.4971e+06
-187.9 -6.49189e+06
-187.85 -6.48668e+06
-187.8 -6.48146e+06
-187.75 -6.47625e+06
-187.7 -6.47104e+06
-187.65 -6.46583e+06
-187.6 -6.46062e+06
-187.55 -6.45541e+06
-187.5 -6.4502e+06
-187.45 -6.44501e+06
-187.4 -6.43982e+06
-187.35 -6.43464e+06
-187.3 -6.42945e+06
-187.25 -6.42427e+06
-187.2 -6.41908e+06
-187.15 -6.4139e+06
-187.1 -6.40872e+06
-187.05 -6.40354e+06
-187 -6.39836e+06
-186.95 -6.3932e+06
-186.9 -6.38804e+06
-186.85 -6.38288e+06
-186.8 -6.37772e+06
-186.75 -6.37256e+06
-186.7 -6.36741e+06
-186.65 -6.36225e+06
-186.6 -6.3571e+06
-186.55 -6.35194e+06
-186.5 -6.34679e+06
-186.45 -6.34166e+06
-186.4 -6.33653e+06
-186.35 -6.3314e+06
-186.3 -6.32627e+06
-186.25 -6.32114e+06
-186.2 -6.31601e+06
-186.15 -6.31088e+06
-186.1 -6.30576e+06
-186.05 -6.30063e+06
-186 -6.29551e+06
-185.95 -6.2904e+06
-185.9 -6.2853e+06
-185.85 -6.2802e+06
-185.8 -6.27509e+06
-185.75 -6.26999e+06
-185.7 -6.26489e+06
-185.65 -6.25979e+06
-185.6 -6.25469e+06
-185.55 -6.24959e+06
-185.5 -6.2445e+06
-185.45 -6.23942e+06
-185.4 -6.23434e+06
-185.35 -6.22927e+06
-185.3 -6.22419e+06
-185.25 -6.21912e+06
-185.2 -6.21405e+06
-185.15 -6.20898e+06
-185.1 -6.2039e+06
-185.05 -6.19883e+06
-185 -6.19376e+06
-184.95 -6.18871e+06
-184.9 -6.18367e+06
-184.85 -6.17862e+06
-184.8 -6.17357e+06
-184.75 -6.16853e+06
-184.7 -6.16348e+06
-184.65 -6.15844e+06
-184.6 -6.15339e+06
-184.55 -6.14835e+06
-184.5 -6.14331e+06
-184.45 -6.13828e+06
-184.4 -6.13326e+06
-184.35 -6.12824e+06
-184.3 -6.12323e+06
-184.25 -6.11821e+06
-184.2 -6.11319e+06
-184.15 -6.10817e+06
-184.1 -6.10315e+06
-184.05 -6.09814e+06
-184 -6.09312e+06
-183.95 -6.08813e+06
-183.9 -6.08314e+06
-183.85 -6.07814e+06
-183.8 -6.07315e+06
-183.75 -6.06816e+06
-183.7 -6.06317e+06
-183.65 -6.05818e+06
-183.6 -6.05319e+06
-183.55 -6.0482e+06
-183.5 -6.04322e+06
-183.45 -6.03825e+06
-183.4 -6.03328e+06
-183.35 -6.02832e+06
-183.3 -6.02335e+06
-183.25 -6.01839e+06
-183.2 -6.01343e+06
-183.15 -6.00846e+06
-183.1 -6.0035e+06
-183.05 -5.99854e+06
-183 -5.99358e+06
-182.95 -5.98864e+06
-182.9 -5.9837e+06
-182.85 -5.97876e+06
-182.8 -5.97383e+06
-182.75 -5.96889e+06
-182.7 -5.96395e+06
-182.65 -5.95902e+06
-182.6 -5.95408e+06
-182.55 -5.94915e+06
-182.5 -5.94422e+06
-182.45 -5.9393e+06
-182.4 -5.93439e+06
-182.35 -5.92948e+06
-182.3 -5.92457e+06
-182.25 -5.91966e+06
-182.2 -5.91475e+06
-182.15 -5.90985e+06
-182.1 -5.90494e+06
-182.05 -5.90003e+06
-182 -5.89513e+06
-181.95 -5.89024e+06
-181.9 -5.88536e+06
-181.85 -5.88047e+06
-181.8 -5.87559e+06
-181.75 -5.87071e+06
-181.7 -5.86583e+06
-181.65 -5.86095e+06
-181.6 -5.85606e+06
-181.55 -5.85119e+06
-181.5 -5.84631e+06
-181.45 -5.84145e+06
-181.4 -5.83659e+06
-181.35 -5.83173e+06
-181.3 -5.82688e+06
-181.25 -5.82202e+06
-181.2 -5.81717e+06
-181.15 -5.81231e+06
-181.1 -5.80746e+06
-181.05 -5.80261e+06
-181 -5.79776e+06
-180.95 -5.79293e+06
-180.9 -5.78809e+06
-180.85 -5.78327e+06
-180.8 -5.77844e+06
-180.75 -5.77361e+06
-180.7 -5.76878e+06
-180.65 -5.76395e+06
-180.6 -5.75913e+06
-180.55 -5.7543e+06
-180.5 -5.74948e+06
-180.45 -5.74467e+06
-180.4 -5.73987e+06
-180.35 -5.73507e+06
-180.3 -5.73026e+06
-180.25 -5.72546e+06
-180.2 -5.72066e+06
-180.15 -5.71586e+06
-180.1 -5.71106e+06
-180.05 -5.70626e+06
-180 -5.70146e+06
-179.95 -5.69669e+06
-179.9 -5.69191e+06
-179.85 -5.68713e+06
-179.8 -5.68236e+06
-179.75 -5.67758e+06
-179.7 -5.67281e+06
-179.65 -5.66804e+06
-179.6 -5.66326e+06
-179.55 -5.65849e+06
-179.5 -5.65372e+06
-179.45 -5.64897e+06
-179.4 -5.64422e+06
-179.35 -5.63947e+06
-179.3 -5.63472e+06
-179.25 -5.62997e+06
-179.2 -5.62523e+06
-179.15 -5.62048e+06
-179.1 -5.61573e+06
-179.05 -5.61099e+06
-179 -5.60624e+06
-178.95 -5.60152e+06
-178.9 -5.5968e+06
-178.85 -5.59207e+06
-178.8 -5.58735e+06
-178.75 -5.58263e+06
-178.7 -5.57791e+06
-178.65 -5.57319e+06
-178.6 -5.56847e+06
-178.55 -5.56375e+06
-178.5 -5.55903e+06
-178.45 -5.55434e+06
-178.4 -5.54964e+06
-178.35 -5.54494e+06
-178.3 -5.54025e+06
-178.25 -5.53555e+06
-178.2 -5.53086e+06
-178.15 -5.52617e+06
-178.1 -5.52147e+06
-178.05 -5.51678e+06
-178 -5.51209e+06
-177.95 -5.50742e+06
-177.9 -5.50275e+06
-177.85 -5.49808e+06
-177.8 -5.49341e+06
-177.75 -5.48874e+06
-177.7 -5.48408e+06
-177.65 -5.47941e+06
-177.6 -5.47474e+06
-177.55 -5.47008e+06
-177.5 -5.46541e+06
-177.45 -5.46077e+06
-177.4 -5.45612e+06
-177.35 -5.45148e+06
-177.3 -5.44684e+06
-177.25 -5.4422e+06
-177.2 -5.43756e+06
-177.15 -5.43291e+06
-177.1 -5.42827e+06
-177.05 -5.42364e+06
-177 -5.419e+06
-176.95 -5.41438e+06
-176.9 -5.40976e+06
-176.85 -5.40514e+06
-176.8 -5.40053e+06
-176.75 -5.39591e+06
-176.7 -5.3913e+06
-176.65 -5.38668e+06
-176.6 -5.38207e+06
-176.55 -5.37746e+06
-176.5 -5.37285e+06
-176.45 -5.36825e+06
-176.4 -5.36366e+06
-176.35 -5.35907e+06
-176.3 -5.35448e+06
-176.25 -5.34989e+06
-176.2 -5.3453e+06
-176.15 -5.34072e+06
-176.1 -5.33613e+06
-176.05 -5.33154e+06
-176 -5.32696e+06
-175.95 -5.32239e+06
-175.9 -5.31783e+06
-175.85 -5.31326e+06
-175.8 -5.3087e+06
-175.75 -5.30414e+06
-175.7 -5.29957e+06
-175.65 -5.29501e+06
-175.6 -5.29045e+06
-175.55 -5.28589e+06
-175.5 -5.28133e+06
-175.45 -5.27679e+06
-175.4 -5.27225e+06
-175.35 -5.26771e+06
-175.3 -5.26318e+06
-175.25 -5.25864e+06
-175.2 -5.2541e+06
-175.15 -5.24957e+06
-175.1 -5.24503e+06
-175.05 -5.2405e+06
-175 -5.23597e+06
-174.95 -5.23145e+06
-174.9 -5.22694e+06
-174.85 -5.22243e+06
-174.8 -5.21792e+06
-174.75 -5.2134e+06
-174.7 -5.20889e+06
-174.65 -5.20439e+06
-174.6 -5.19988e+06
-174.55 -5.19537e+06
-174.5 -5.19086e+06
-174.45 -5.18637e+06
-174.4 -5.18189e+06
-174.35 -5.1774e+06
-174.3 -5.17291e+06
-174.25 -5.16843e+06
-174.2 -5.16395e+06
-174.15 -5.15946e+06
-174.1 -5.15498e+06
-174.05 -5.1505e+06
-174 -5.14602e+06
-173.95 -5.14155e+06
-173.9 -5.13709e+06
-173.85 -5.13263e+06
-173.8 -5.12817e+06
-173.75 -5.12371e+06
-173.7 -5.11926e+06
-173.65 -5.1148e+06
-173.6 -5.11034e+06
-173.55 -5.10589e+06
-173.5 -5.10143e+06
-173.45 -5.09699e+06
-173.4 -5.09256e+06
-173.35 -5.08812e+06
-173.3 -5.08369e+06
-173.25 -5.07926e+06
-173.2 -5.07483e+06
-173.15 -5.07039e+06
-173.1 -5.06596e+06
-173.05 -5.06153e+06
-173 -5.0571e+06
-172.95 -5.05269e+06
-172.9 -5.04828e+06
-172.85 -5.04387e+06
-172.8 -5.03947e+06
-172.75 -5.03506e+06
-172.7 -5.03065e+06
-172.65 -5.02625e+06
-172.6 -5.02184e+06
-172.55 -5.01744e+06
-172.5 -5.01303e+06
-172.45 -5.00865e+06
-172.4 -5.00426e+06
-172.35 -4.99988e+06
-172.3 -4.9955e+06
-172.25 -4.99112e+06
-172.2 -4.98674e+06
-172.15 -4.98236e+06
-172.1 -4.97798e+06
-172.05 -4.9736e+06
-172 -4.96922e+06
-171.95 -4.96486e+06
-171.9 -4.9605e+06
-171.85 -4.95614e+06
-171.8 -4.95179e+06
-171.75 -4.94743e+06
-171.7 -4.94308e+06
-171.65 -4.93872e+06
-171.6 -4.93437e+06
-171.55 -4.93001e+06
-171.5 -4.92566e+06
-171.45 -4.92133e+06
-171.4 -4.91699e+06
-171.35 -4.91266e+06
-171.3 -4.90833e+06
-171.25 -4.904e+06
-171.2 -4.89967e+06
-171.15 -4.89534e+06
-171.1 -4.89101e+06
-171.05 -4.88669e+06
-171 -4.88236e+06
-170.95 -4.87805e+06
-170.9 -4.87374e+06
-170.85 -4.86944e+06
-170.8 -4.86513e+06
-170.75 -4.86083e+06
-170.7 -4.85652e+06
-170.65 -4.85222e+06
-170.6 -4.84791e+06
-170.55 -4.84361e+06
-170.5 -4.83931e+06
-170.45 -4.83503e+06
-170.4 -4.83075e+06
-170.35 -4.82647e+06
-170.3 -4.82219e+06
-170.25 -4.81791e+06
-170.2 -4.81363e+06
-170.15 -4.80935e+06
-170.1 -4.80507e+06
-170.05 -4.80079e+06
-170 -4.79652e+06
-169.95 -4.79226e+06
-169.9 -4.788e+06
-169.85 -4.78375e+06
-169.8 -4.77949e+06
-169.75 -4.77524e+06
-169.7 -4.77098e+06
-169.65 -4.76673e+06
-169.6 -4.76248e+06
-169.55 -4.75823e+06
-169.5 -4.75398e+06
-169.45 -4.74974e+06
-169.4 -4.74551e+06
-169.35 -4.74128e+06
-169.3 -4.73705e+06
-169.25 -4.73282e+06
-169.2 -4.72859e+06
-169.15 -4.72437e+06
-169.1 -4.72014e+06
-169.05 -4.71591e+06
-169 -4.71169e+06
-168.95 -4.70748e+06
-168.9 -4.70327e+06
-168.85 -4.69907e+06
-168.8 -4.69486e+06
-168.75 -4.69066e+06
-168.7 -4.68646e+06
-168.65 -4.68225e+06
-168.6 -4.67805e+06
-168.55 -4.67385e+06
-168.5 -4.66965e+06
-168.45 -4.66547e+06
-168.4 -4.66129e+06
-168.35 -4.65711e+06
-168.3 -4.65293e+06
-168.25 -4.64875e+06
-168.2 -4.64457e+06
-168.15 -4.64039e+06
-168.1 -4.63622e+06
-168.05 -4.63204e+06
-168 -4.62786e+06
-167.95 -4.62371e+06
-167.9 -4.61955e+06
-167.85 -4.6154e+06
-167.8 -4.61124e+06
-167.75 -4.60709e+06
-167.7 -4.60293e+06
-167.65 -4.59878e+06
-167.6 -4.59463e+06
-167.55 -4.59048e+06
-167.5 -4.58633e+06
-167.45 -4.58219e+06
-167.4 -4.57806e+06
-167.35 -4.57393e+06
-167.3 -4.5698e+06
-167.25 -4.56567e+06
-167.2 -4.56155e+06
-167.15 -4.55742e+06
-167.1 -4.55329e+06
-167.05 -4.54916e+06
-167 -4.54504e+06
-166.95 -4.54093e+06
-166.9 -4.53683e+06
-166.85 -4.53272e+06
-166.8 -4.52862e+06
-166.75 -4.52451e+06
-166.7 -4.52041e+06
-166.65 -4.51631e+06
-166.6 -4.5122e+06
-166.55 -4.5081e+06
-166.5 -4.504e+06
-166.45 -4.49992e+06
-166.4 -4.49584e+06
-166.35 -4.49176e+06
-166.3 -4.48768e+06
-166.25 -4.4836e+06
-166.2 -4.47952e+06
-166.15 -4.47544e+06
-166.1 -4.47136e+06
-166.05 -4.46729e+06
-166 -4.46321e+06
-165.95 -4.45915e+06
-165.9 -4.4551e+06
-165.85 -4.45104e+06
-165.8 -4.44698e+06
-165.75 -4.44293e+06
-165.7 -4.43888e+06
-165.65 -4.43482e+06
-165.6 -4.43077e+06
-165.55 -4.42672e+06
-165.5 -4.42267e+06
-165.45 -4.41863e+06
-165.4 -4.4146e+06
-165.35 -4.41057e+06
-165.3 -4.40654e+06
-165.25 -4.40251e+06
-165.2 -4.39848e+06
-165.15 -4.39445e+06
-165.1 -4.39042e+06
-165.05 -4.38639e+06
-165 -4.38237e+06
-164.95 -4.37836e+06
-164.9 -4.37435e+06
-164.85 -4.37035e+06
-164.8 -4.36634e+06
-164.75 -4.36233e+06
-164.7 -4.35833e+06
-164.65 -4.35432e+06
-164.6 -4.35032e+06
-164.55 -4.34632e+06
-164.5 -4.34232e+06
-164.45 -4.33833e+06
-164.4 -4.33435e+06
-164.35 -4.33037e+06
-164.3 -4.32638e+06
-164.25 -4.3224e+06
-164.2 -4.31842e+06
-164.15 -4.31444e+06
-164.1 -4.31046e+06
-164.05 -4.30649e+06
-164 -4.30251e+06
-163.95 -4.29855e+06
-163.9 -4.29459e+06
-163.85 -4.29063e+06
-163.8 -4.28667e+06
-163.75 -4.28272e+06
-163.7 -4.27876e+06
-163.65 -4.27481e+06
-163.6 -4.27085e+06
-163.55 -4.2669e+06
-163.5 -4.26294e+06
-163.45 -4.25901e+06
-163.4 -4.25508e+06
-163.35 -4.25114e+06
-163.3 -4.24721e+06
-163.25 -4.24328e+06
-163.2 -4.23934e+06
-163.15 -4.23541e+06
-163.1 -4.23148e+06
-163.05 -4.22755e+06
-163 -4.22362e+06
-162.95 -4.21971e+06
-162.9 -4.2158e+06
-162.85 -4.21189e+06
-162.8 -4.20799e+06
-162.75 -4.20408e+06
-162.7 -4.20017e+06
-162.65 -4.19626e+06
-162.6 -4.19236e+06
-162.55 -4.18845e+06
-162.5 -4.18455e+06
-162.45 -4.18066e+06
-162.4 -4.17677e+06
-162.35 -4.17289e+06
-162.3 -4.169e+06
-162.25 -4.16512e+06
-162.2 -4.16124e+06
-162.15 -4.15735e+06
-162.1 -4.15347e+06
-162.05 -4.14959e+06
-162 -4.14571e+06
-161.95 -4.14185e+06
-161.9 -4.13799e+06
-161.85 -4.13413e+06
-161.8 -4.13026e+06
-161.75 -4.1264e+06
-161.7 -4.12255e+06
-161.65 -4.11869e+06
-161.6 -4.11483e+06
-161.55 -4.11097e+06
-161.5 -4.10711e+06
-161.45 -4.10328e+06
-161.4 -4.09944e+06
-161.35 -4.0956e+06
-161.3 -4.09177e+06
-161.25 -4.08793e+06
-161.2 -4.08409e+06
-161.15 -4.08026e+06
-161.1 -4.07643e+06
-161.05 -4.07259e+06
-161 -4.06876e+06
-160.95 -4.06495e+06
-160.9 -4.06113e+06
-160.85 -4.05732e+06
-160.8 -4.05351e+06
-160.75 -4.04969e+06
-160.7 -4.04588e+06
-160.65 -4.04207e+06
-160.6 -4.03826e+06
-160.55 -4.03445e+06
-160.5 -4.03064e+06
-160.45 -4.02685e+06
-160.4 -4.02306e+06
-160.35 -4.01928e+06
-160.3 -4.01549e+06
-160.25 -4.0117e+06
-160.2 -4.00791e+06
-160.15 -4.00412e+06
-160.1 -4.00034e+06
-160.05 -3.99655e+06
-160 -3.99277e+06
