-200 -7.839e+06
-199.95 -7.83325e+06
-199.9 -7.82751e+06
-199.85 -7.82176e+06
-199.8 -7.81603e+06
-199.75 -7.8103e+06
-199.7 -7.80458e+06
-199.65 -7.79887e+06
-199.6 -7.79317e+06
-199.55 -7.78749e+06
-199.5 -7.78182e+06
-199.45 -7.77618e+06
-199.4 -7.77055e+06
-199.35 -7.76494e+06
-199.3 -7.75936e+06
-199.25 -7.7538e+06
-199.2 -7.74827e+06
-199.15 -7.74277e+06
-199.1 -7.7373e+06
-199.05 -7.73187e+06
-199 -7.72646e+06
-198.95 -7.7211e+06
-198.9 -7.71577e+06
-198.85 -7.71048e+06
-198.8 -7.70523e+06
-198.75 -7.70003e+06
-198.7 -7.69487e+06
-198.65 -7.68976e+06
-198.6 -7.6847e+06
-198.55 -7.67969e+06
-198.5 -7.67473e+06
-198.45 -7.66983e+06
-198.4 -7.66498e+06
-198.35 -7.66019e+06
-198.3 -7.65546e+06
-198.25 -7.65079e+06
-198.2 -7.64619e+06
-198.15 -7.64165e+06
-198.1 -7.63718e+06
-198.05 -7.63277e+06
-198 -7.62844e+06
