-200 -7.839e+06
-199.95 -7.8331e+06
-199.9 -7.82719e+06
-199.85 -7.82129e+06
-199.8 -7.81539e+06
-199.75 -7.80949e+06
-199.7 -7.80359e+06
-199.65 -7.79769e+06
-199.6 -7.79179e+06
-199.55 -7.7859e+06
-199.5 -7.78e+06
-199.45 -7.77411e+06
-199.4 -7.76822e+06
-199.35 -7.76233e+06
-199.3 -7.75645e+06
-199.25 -7.75057e+06
-199.2 -7.74469e+06
-199.15 -7.73881e+06
-199.1 -7.73294e+06
-199.05 -7.72706e+06
-199 -7.7212e+06
-198.95 -7.71533e+06
-198.9 -7.70948e+06
-198.85 -7.70362e+06
-198.8 -7.69777e+06
-198.75 -7.69192e+06
-198.7 -7.68607e+06
-198.65 -7.68023e+06
-198.6 -7.67439e+06
-198.55 -7.66856e+06
-198.5 -7.66273e+06
-198.45 -7.6569e+06
-198.4 -7.65108e+06
-198.35 -7.64525e+06
-198.3 -7.63943e+06
-198.25 -7.63362e+06
-198.2 -7.62781e+06
-198.15 -7.622e+06
-198.1 -7.61619e+06
-198.05 -7.61039e+06
-198 -7.60458e+06
-197.95 -7.59879e+06
-197.9 -7.59299e+06
-197.85 -7.5872e+06
-197.8 -7.58141e+06
-197.75 -7.57562e+06
-197.7 -7.56983e+06
-197.65 -7.56405e+06
-197.6 -7.55827e+06
-197.55 -7.5525e+06
-197.5 -7.54672e+06
-197.45 -7.54095e+06
-197.4 -7.53519e+06
-197.35 -7.52942e+06
-197.3 -7.52366e+06
-197.25 -7.5179e+06
-197.2 -7.51214e+06
-197.15 -7.50639e+06
-197.1 -7.50064e+06
-197.05 -7.49489e+06
-197 -7.48915e+06
-196.95 -7.48341e+06
-196.9 -7.47767e+06
-196.85 -7.47194e+06
-196.8 -7.4662e+06
-196.75 -7.46047e+06
-196.7 -7.45475e+06
-196.65 -7.44902e+06
-196.6 -7.4433e+06
-196.55 -7.43759e+06
-196.5 -7.43187e+06
-196.45 -7.42616e+06
-196.4 -7.42045e+06
-196.35 -7.41475e+06
-196.3 -7.40904e+06
-196.25 -7.40334e+06
-196.2 -7.39765e+06
-196.15 -7.39195e+06
-196.1 -7.38626e+06
-196.05 -7.38058e+06
-196 -7.37489e+06
-195.95 -7.36921e+06
-195.9 -7.36353e+06
-195.85 -7.35785e+06
-195.8 -7.35218e+06
-195.75 -7.34651e+06
-195.7 -7.34084e+06
-195.65 -7.33518e+06
-195.6 -7.32951e+06
-195.55 -7.32385e+06
-195.5 -7.3182e+06
-195.45 -7.31255e+06
-195.4 -7.3069e+06
-195.35 -7.30125e+06
-195.3 -7.2956e+06
-195.25 -7.28996e+06
-195.2 -7.28432e+06
-195.15 -7.27869e+06
-195.1 -7.27305e+06
-195.05 -7.26742e+06
-195 -7.2618e+06
-194.95 -7.25617e+06
-194.9 -7.25055e+06
-194.85 -7.24493e+06
-194.8 -7.23932e+06
-194.75 -7.23371e+06
-194.7 -7.2281e+06
-194.65 -7.22249e+06
-194.6 -7.21689e+06
-194.55 -7.21129e+06
-194.5 -7.20569e+06
-194.45 -7.20009e+06
-194.4 -7.1945e+06
-194.35 -7.18891e+06
-194.3 -7.18333e+06
-194.25 -7.17774e+06
-194.2 -7.17216e+06
-194.15 -7.16658e+06
-194.1 -7.16101e+06
-194.05 -7.15544e+06
-194 -7.14987e+06
-193.95 -7.1443e+06
-193.9 -7.13874e+06
-193.85 -7.13318e+06
-193.8 -7.12762e+06
-193.75 -7.12207e+06
-193.7 -7.11651e+06
-193.65 -7.11097e+06
-193.6 -7.10542e+06
-193.55 -7.09988e+06
-193.5 -7.09434e+06
-193.45 -7.0888e+06
-193.4 -7.08327e+06
-193.35 -7.07773e+06
-193.3 -7.07221e+06
-193.25 -7.06668e+06
-193.2 -7.06116e+06
-193.15 -7.05564e+06
-193.1 -7.05012e+06
-193.05 -7.04461e+06
-193 -7.03909e+06
-192.95 -7.03359e+06
-192.9 -7.02808e+06
-192.85 -7.02258e+06
-192.8 -7.01708e+06
-192.75 -7.01158e+06
-192.7 -7.00609e+06
-192.65 -7.0006e+06
-192.6 -6.99511e+06
-192.55 -6.98962e+06
-192.5 -6.98414e+06
-192.45 -6.97866e+06
-192.4 -6.97318e+06
-192.35 -6.96771e+06
-192.3 -6.96224e+06
-192.25 -6.95677e+06
-192.2 -6.9513e+06
-192.15 -6.94584e+06
-192.1 -6.94038e+06
-192.05 -6.93492e+06
-192 -6.92947e+06
-191.95 -6.92402e+06
-191.9 -6.91857e+06
-191.85 -6.91313e+06
-191.8 -6.90768e+06
-191.75 -6.90224e+06
-191.7 -6.89681e+06
-191.65 -6.89137e+06
-191.6 -6.88594e+06
-191.55 -6.88051e+06
-191.5 -6.87509e+06
-191.45 -6.86966e+06
-191.4 -6.86425e+06
-191.35 -6.85883e+06
-191.3 -6.85341e+06
-191.25 -6.848e+06
-191.2 -6.84259e+06
-191.15 -6.83719e+06
-191.1 -6.83179e+06
-191.05 -6.82639e+06
-191 -6.82099e+06
-190.95 -6.8156e+06
-190.9 -6.8102e+06
-190.85 -6.80482e+06
-190.8 -6.79943e+06
-190.75 -6.79405e+06
-190.7 -6.78867e+06
-190.65 -6.78329e+06
-190.6 -6.77792e+06
-190.55 -6.77255e+06
-190.5 -6.76718e+06
-190.45 -6.76181e+06
-190.4 -6.75645e+06
-190.35 -6.75109e+06
-190.3 -6.74573e+06
-190.25 -6.74038e+06
-190.2 -6.73503e+06
-190.15 -6.72968e+06
-190.1 -6.72433e+06
-190.05 -6.71899e+06
-190 -6.71365e+06
-189.95 -6.70831e+06
-189.9 -6.70298e+06
-189.85 -6.69764e+06
-189.8 -6.69232e+06
-189.75 -6.68699e+06
-189.7 -6.68167e+06
-189.65 -6.67635e+06
-189.6 -6.67103e+06
-189.55 -6.66571e+06
-189.5 -6.6604e+06
-189.45 -6.65509e+06
-189.4 -6.64979e+06
-189.35 -6.64448e+06
-189.3 -6.63918e+06
-189.25 -6.63388e+06
-189.2 -6.62859e+06
-189.15 -6.6233e+06
-189.1 -6.61801e+06
-189.05 -6.61272e+06
-189 -6.60744e+06
-188.95 -6.60216e+06
-188.9 -6.59688e+06
-188.85 -6.5916e+06
-188.8 -6.58633e+06
-188.75 -6.58106e+06
-188.7 -6.57579e+06
-188.65 -6.57053e+06
-188.6 -6.56527e+06
-188.55 -6.56001e+06
-188.5 -6.55476e+06
-188.45 -6.5495e+06
-188.4 -6.54425e+06
-188.35 -6.53901e+06
-188.3 -6.53376e+06
-188.25 -6.52852e+06
-188.2 -6.52328e+06
-188.15 -6.51805e+06
-188.1 -6.51281e+06
-188.05 -6.50758e+06
-188 -6.50235e+06
-187.95 -6.49713e+06
-187.9 -6.49191e+06
-187.85 -6.48669e+06
-187.8 -6.48147e+06
-187.75 -6.47626e+06
-187.7 -6.47105e+06
-187.65 -6.46584e+06
-187.6 -6.46063e+06
-187.55 -6.45543e+06
-187.5 -6.45023e+06
-187.45 -6.44504e+06
-187.4 -6.43984e+06
-187.35 -6.43465e+06
-187.3 -6.42946e+06
-187.25 -6.42428e+06
-187.2 -6.41909e+06
-187.15 -6.41391e+06
-187.1 -6.40874e+06
-187.05 -6.40356e+06
-187 -6.39839e+06
-186.95 -6.39322e+06
-186.9 -6.38805e+06
-186.85 -6.38289e+06
-186.8 -6.37773e+06
-186.75 -6.37257e+06
-186.7 -6.36742e+06
-186.65 -6.36227e+06
-186.6 -6.35712e+06
-186.55 -6.35197e+06
-186.5 -6.34683e+06
-186.45 -6.34169e+06
-186.4 -6.33655e+06
-186.35 -6.33141e+06
-186.3 -6.32628e+06
-186.25 -6.32115e+06
-186.2 -6.31602e+06
-186.15 -6.3109e+06
-186.1 -6.30578e+06
-186.05 -6.30066e+06
-186 -6.29554e+06
-185.95 -6.29043e+06
-185.9 -6.28532e+06
-185.85 -6.28021e+06
-185.8 -6.2751e+06
-185.75 -6.27e+06
-185.7 -6.2649e+06
-185.65 -6.2598e+06
-185.6 -6.25471e+06
-185.55 -6.24962e+06
-185.5 -6.24453e+06
-185.45 -6.23945e+06
-185.4 -6.23436e+06
-185.35 -6.22928e+06
-185.3 -6.2242e+06
-185.25 -6.21913e+06
-185.2 -6.21406e+06
-185.15 -6.20899e+06
-185.1 -6.20392e+06
-185.05 -6.19886e+06
-185 -6.1938e+06
-184.95 -6.18874e+06
-184.9 -6.18368e+06
-184.85 -6.17863e+06
-184.8 -6.17358e+06
-184.75 -6.16853e+06
-184.7 -6.16349e+06
-184.65 -6.15845e+06
-184.6 -6.15341e+06
-184.55 -6.14837e+06
-184.5 -6.14334e+06
-184.45 -6.13831e+06
-184.4 -6.13328e+06
-184.35 -6.12826e+06
-184.3 -6.12323e+06
-184.25 -6.11822e+06
-184.2 -6.1132e+06
-184.15 -6.10818e+06
-184.1 -6.10317e+06
-184.05 -6.09816e+06
-184 -6.09316e+06
-183.95 -6.08815e+06
-183.9 -6.08315e+06
-183.85 -6.07816e+06
-183.8 -6.07316e+06
-183.75 -6.06817e+06
-183.7 -6.06318e+06
-183.65 -6.05819e+06
-183.6 -6.05321e+06
-183.55 -6.04823e+06
-183.5 -6.04325e+06
-183.45 -6.03827e+06
-183.4 -6.0333e+06
-183.35 -6.02833e+06
-183.3 -6.02336e+06
-183.25 -6.0184e+06
-183.2 -6.01344e+06
-183.15 -6.00848e+06
-183.1 -6.00352e+06
-183.05 -5.99857e+06
-183 -5.99361e+06
-182.95 -5.98867e+06
-182.9 -5.98372e+06
-182.85 -5.97878e+06
-182.8 -5.97384e+06
-182.75 -5.9689e+06
-182.7 -5.96396e+06
-182.65 -5.95903e+06
-182.6 -5.9541e+06
-182.55 -5.94918e+06
-182.5 -5.94425e+06
-182.45 -5.93933e+06
-182.4 -5.93441e+06
-182.35 -5.9295e+06
-182.3 -5.92458e+06
-182.25 -5.91967e+06
-182.2 -5.91476e+06
-182.15 -5.90986e+06
-182.1 -5.90496e+06
-182.05 -5.90006e+06
-182 -5.89516e+06
-181.95 -5.89027e+06
-181.9 -5.88537e+06
-181.85 -5.88049e+06
-181.8 -5.8756e+06
-181.75 -5.87072e+06
-181.7 -5.86584e+06
-181.65 -5.86096e+06
-181.6 -5.85608e+06
-181.55 -5.85121e+06
-181.5 -5.84634e+06
-181.45 -5.84147e+06
-181.4 -5.83661e+06
-181.35 -5.83175e+06
-181.3 -5.82689e+06
-181.25 -5.82203e+06
-181.2 -5.81718e+06
-181.15 -5.81233e+06
-181.1 -5.80748e+06
-181.05 -5.80263e+06
-181 -5.79779e+06
-180.95 -5.79295e+06
-180.9 -5.78811e+06
-180.85 -5.78328e+06
-180.8 -5.77845e+06
-180.75 -5.77362e+06
-180.7 -5.76879e+06
-180.65 -5.76397e+06
-180.6 -5.75914e+06
-180.55 -5.75433e+06
-180.5 -5.74951e+06
-180.45 -5.7447e+06
-180.4 -5.73989e+06
-180.35 -5.73508e+06
-180.3 -5.73027e+06
-180.25 -5.72547e+06
-180.2 -5.72067e+06
-180.15 -5.71587e+06
-180.1 -5.71108e+06
-180.05 -5.70629e+06
-180 -5.7015e+06
