-200 -7.839e+06
-199.95 -7.83316e+06
-199.9 -7.82733e+06
-199.85 -7.8215e+06
-199.8 -7.81567e+06
-199.75 -7.80985e+06
-199.7 -7.80403e+06
-199.65 -7.79821e+06
-199.6 -7.79241e+06
-199.55 -7.78661e+06
-199.5 -7.78082e+06
-199.45 -7.77503e+06
-199.4 -7.76926e+06
-199.35 -7.7635e+06
-199.3 -7.75775e+06
-199.25 -7.75201e+06
-199.2 -7.74629e+06
-199.15 -7.74058e+06
-199.1 -7.73489e+06
-199.05 -7.72922e+06
-199 -7.72356e+06
-198.95 -7.71792e+06
-198.9 -7.7123e+06
-198.85 -7.7067e+06
-198.8 -7.70112e+06
-198.75 -7.69557e+06
-198.7 -7.69003e+06
-198.65 -7.68452e+06
-198.6 -7.67904e+06
-198.55 -7.67358e+06
-198.5 -7.66815e+06
-198.45 -7.66275e+06
-198.4 -7.65738e+06
-198.35 -7.65203e+06
-198.3 -7.64672e+06
-198.25 -7.64143e+06
-198.2 -7.63618e+06
-198.15 -7.63097e+06
-198.1 -7.62578e+06
-198.05 -7.62064e+06
-198 -7.61552e+06
-197.95 -7.61045e+06
-197.9 -7.60541e+06
-197.85 -7.60042e+06
-197.8 -7.59546e+06
-197.75 -7.59054e+06
-197.7 -7.58567e+06
-197.65 -7.58083e+06
-197.6 -7.57604e+06
-197.55 -7.5713e+06
-197.5 -7.5666e+06
-197.45 -7.56195e+06
-197.4 -7.55734e+06
-197.35 -7.55278e+06
-197.3 -7.54828e+06
-197.25 -7.54382e+06
-197.2 -7.53941e+06
-197.15 -7.53505e+06
-197.1 -7.53075e+06
-197.05 -7.5265e+06
-197 -7.52231e+06
-196.95 -7.51817e+06
-196.9 -7.51408e+06
-196.85 -7.51006e+06
-196.8 -7.50609e+06
-196.75 -7.50218e+06
-196.7 -7.49834e+06
-196.65 -7.49455e+06
-196.6 -7.49083e+06
-196.55 -7.48716e+06
-196.5 -7.48357e+06
-196.45 -7.48003e+06
-196.4 -7.47657e+06
-196.35 -7.47317e+06
-196.3 -7.46983e+06
-196.25 -7.46657e+06
-196.2 -7.46337e+06
-196.15 -7.46025e+06
-196.1 -7.4572e+06
-196.05 -7.45422e+06
-196 -7.45131e+06
