-200 -202
-199.95 -201.95
-199.9 -201.9
-199.85 -201.85
-199.8 -201.8
-199.75 -201.75
-199.7 -201.7
-199.65 -201.65
-199.6 -201.6
-199.55 -201.55
-199.5 -201.5
-199.45 -201.45
-199.4 -201.4
-199.35 -201.35
-199.3 -201.3
-199.25 -201.25
-199.2 -201.2
-199.15 -201.15
-199.1 -201.1
-199.05 -201.05
-199 -201
-198.95 -200.95
-198.9 -200.9
-198.85 -200.85
-198.8 -200.8
-198.75 -200.75
-198.7 -200.7
-198.65 -200.65
-198.6 -200.6
-198.55 -200.55
-198.5 -200.5
-198.45 -200.45
-198.4 -200.4
-198.35 -200.35
-198.3 -200.3
-198.25 -200.25
-198.2 -200.2
-198.15 -200.15
-198.1 -200.1
-198.05 -200.05
-198 -200
-197.95 -199.95
-197.9 -199.9
-197.85 -199.85
-197.8 -199.8
-197.75 -199.75
-197.7 -199.7
-197.65 -199.65
-197.6 -199.6
-197.55 -199.55
-197.5 -199.5
-197.45 -199.45
-197.4 -199.4
-197.35 -199.35
-197.3 -199.3
-197.25 -199.25
-197.2 -199.2
-197.15 -199.15
-197.1 -199.1
-197.05 -199.05
-197 -199
-196.95 -198.95
-196.9 -198.9
-196.85 -198.85
-196.8 -198.8
-196.75 -198.75
-196.7 -198.7
-196.65 -198.65
-196.6 -198.6
-196.55 -198.55
-196.5 -198.5
-196.45 -198.45
-196.4 -198.4
-196.35 -198.35
-196.3 -198.3
-196.25 -198.25
-196.2 -198.2
-196.15 -198.15
-196.1 -198.1
-196.05 -198.05
-196 -198
-195.95 -197.95
-195.9 -197.9
-195.85 -197.85
-195.8 -197.8
-195.75 -197.75
-195.7 -197.7
-195.65 -197.65
-195.6 -197.6
-195.55 -197.55
-195.5 -197.5
-195.45 -197.45
-195.4 -197.4
-195.35 -197.35
-195.3 -197.3
-195.25 -197.25
-195.2 -197.2
-195.15 -197.15
-195.1 -197.1
-195.05 -197.05
-195 -197
-194.95 -196.95
-194.9 -196.9
-194.85 -196.85
-194.8 -196.8
-194.75 -196.75
-194.7 -196.7
-194.65 -196.65
-194.6 -196.6
-194.55 -196.55
-194.5 -196.5
-194.45 -196.45
-194.4 -196.4
-194.35 -196.35
-194.3 -196.3
-194.25 -196.25
-194.2 -196.2
-194.15 -196.15
-194.1 -196.1
-194.05 -196.05
-194 -196
-193.95 -195.95
-193.9 -195.9
-193.85 -195.85
-193.8 -195.8
-193.75 -195.75
-193.7 -195.7
-193.65 -195.65
-193.6 -195.6
-193.55 -195.55
-193.5 -195.5
-193.45 -195.45
-193.4 -195.4
-193.35 -195.35
-193.3 -195.3
-193.25 -195.25
-193.2 -195.2
-193.15 -195.15
-193.1 -195.1
-193.05 -195.05
-193 -195
-192.95 -194.95
-192.9 -194.9
-192.85 -194.85
-192.8 -194.8
-192.75 -194.75
-192.7 -194.7
-192.65 -194.65
-192.6 -194.6
-192.55 -194.55
-192.5 -194.5
-192.45 -194.45
-192.4 -194.4
-192.35 -194.35
-192.3 -194.3
-192.25 -194.25
-192.2 -194.2
-192.15 -194.15
-192.1 -194.1
-192.05 -194.05
-192 -194
-191.95 -193.95
-191.9 -193.9
-191.85 -193.85
-191.8 -193.8
-191.75 -193.75
-191.7 -193.7
-191.65 -193.65
-191.6 -193.6
-191.55 -193.55
-191.5 -193.5
-191.45 -193.45
-191.4 -193.4
-191.35 -193.35
-191.3 -193.3
-191.25 -193.25
-191.2 -193.2
-191.15 -193.15
-191.1 -193.1
-191.05 -193.05
-191 -193
-190.95 -192.95
-190.9 -192.9
-190.85 -192.85
-190.8 -192.8
-190.75 -192.75
-190.7 -192.7
-190.65 -192.65
-190.6 -192.6
-190.55 -192.55
-190.5 -192.5
-190.45 -192.45
-190.4 -192.4
-190.35 -192.35
-190.3 -192.3
-190.25 -192.25
-190.2 -192.2
-190.15 -192.15
-190.1 -192.1
-190.05 -192.05
-190 -192
-189.95 -191.95
-189.9 -191.9
-189.85 -191.85
-189.8 -191.8
-189.75 -191.75
-189.7 -191.7
-189.65 -191.65
-189.6 -191.6
-189.55 -191.55
-189.5 -191.5
-189.45 -191.45
-189.4 -191.4
-189.35 -191.35
-189.3 -191.3
-189.25 -191.25
-189.2 -191.2
-189.15 -191.15
-189.1 -191.1
-189.05 -191.05
-189 -191
-188.95 -190.95
-188.9 -190.9
-188.85 -190.85
-188.8 -190.8
-188.75 -190.75
-188.7 -190.7
-188.65 -190.65
-188.6 -190.6
-188.55 -190.55
-188.5 -190.5
-188.45 -190.45
-188.4 -190.4
-188.35 -190.35
-188.3 -190.3
-188.25 -190.25
-188.2 -190.2
-188.15 -190.15
-188.1 -190.1
-188.05 -190.05
-188 -190
-187.95 -189.95
-187.9 -189.9
-187.85 -189.85
-187.8 -189.8
-187.75 -189.75
-187.7 -189.7
-187.65 -189.65
-187.6 -189.6
-187.55 -189.55
-187.5 -189.5
-187.45 -189.45
-187.4 -189.4
-187.35 -189.35
-187.3 -189.3
-187.25 -189.25
-187.2 -189.2
-187.15 -189.15
-187.1 -189.1
-187.05 -189.05
-187 -189
-186.95 -188.95
-186.9 -188.9
-186.85 -188.85
-186.8 -188.8
-186.75 -188.75
-186.7 -188.7
-186.65 -188.65
-186.6 -188.6
-186.55 -188.55
-186.5 -188.5
-186.45 -188.45
-186.4 -188.4
-186.35 -188.35
-186.3 -188.3
-186.25 -188.25
-186.2 -188.2
-186.15 -188.15
-186.1 -188.1
-186.05 -188.05
-186 -188
-185.95 -187.95
-185.9 -187.9
-185.85 -187.85
-185.8 -187.8
-185.75 -187.75
-185.7 -187.7
-185.65 -187.65
-185.6 -187.6
-185.55 -187.55
-185.5 -187.5
-185.45 -187.45
-185.4 -187.4
-185.35 -187.35
-185.3 -187.3
-185.25 -187.25
-185.2 -187.2
-185.15 -187.15
-185.1 -187.1
-185.05 -187.05
-185 -187
-184.95 -186.95
-184.9 -186.9
-184.85 -186.85
-184.8 -186.8
-184.75 -186.75
-184.7 -186.7
-184.65 -186.65
-184.6 -186.6
-184.55 -186.55
-184.5 -186.5
-184.45 -186.45
-184.4 -186.4
-184.35 -186.35
-184.3 -186.3
-184.25 -186.25
-184.2 -186.2
-184.15 -186.15
-184.1 -186.1
-184.05 -186.05
-184 -186
-183.95 -185.95
-183.9 -185.9
-183.85 -185.85
-183.8 -185.8
-183.75 -185.75
-183.7 -185.7
-183.65 -185.65
-183.6 -185.6
-183.55 -185.55
-183.5 -185.5
-183.45 -185.45
-183.4 -185.4
-183.35 -185.35
-183.3 -185.3
-183.25 -185.25
-183.2 -185.2
-183.15 -185.15
-183.1 -185.1
-183.05 -185.05
-183 -185
-182.95 -184.95
-182.9 -184.9
-182.85 -184.85
-182.8 -184.8
-182.75 -184.75
-182.7 -184.7
-182.65 -184.65
-182.6 -184.6
-182.55 -184.55
-182.5 -184.5
-182.45 -184.45
-182.4 -184.4
-182.35 -184.35
-182.3 -184.3
-182.25 -184.25
-182.2 -184.2
-182.15 -184.15
-182.1 -184.1
-182.05 -184.05
-182 -184
-181.95 -183.95
-181.9 -183.9
-181.85 -183.85
-181.8 -183.8
-181.75 -183.75
-181.7 -183.7
-181.65 -183.65
-181.6 -183.6
-181.55 -183.55
-181.5 -183.5
-181.45 -183.45
-181.4 -183.4
-181.35 -183.35
-181.3 -183.3
-181.25 -183.25
-181.2 -183.2
-181.15 -183.15
-181.1 -183.1
-181.05 -183.05
-181 -183
-180.95 -182.95
-180.9 -182.9
-180.85 -182.85
-180.8 -182.8
-180.75 -182.75
-180.7 -182.7
-180.65 -182.65
-180.6 -182.6
-180.55 -182.55
-180.5 -182.5
-180.45 -182.45
-180.4 -182.4
-180.35 -182.35
-180.3 -182.3
-180.25 -182.25
-180.2 -182.2
-180.15 -182.15
-180.1 -182.1
-180.05 -182.05
-180 -182
-179.95 -181.95
-179.9 -181.9
-179.85 -181.85
-179.8 -181.8
-179.75 -181.75
-179.7 -181.7
-179.65 -181.65
-179.6 -181.6
-179.55 -181.55
-179.5 -181.5
-179.45 -181.45
-179.4 -181.4
-179.35 -181.35
-179.3 -181.3
-179.25 -181.25
-179.2 -181.2
-179.15 -181.15
-179.1 -181.1
-179.05 -181.05
-179 -181
-178.95 -180.95
-178.9 -180.9
-178.85 -180.85
-178.8 -180.8
-178.75 -180.75
-178.7 -180.7
-178.65 -180.65
-178.6 -180.6
-178.55 -180.55
-178.5 -180.5
-178.45 -180.45
-178.4 -180.4
-178.35 -180.35
-178.3 -180.3
-178.25 -180.25
-178.2 -180.2
-178.15 -180.15
-178.1 -180.1
-178.05 -180.05
-178 -180
-177.95 -179.95
-177.9 -179.9
-177.85 -179.85
-177.8 -179.8
-177.75 -179.75
-177.7 -179.7
-177.65 -179.65
-177.6 -179.6
-177.55 -179.55
-177.5 -179.5
-177.45 -179.45
-177.4 -179.4
-177.35 -179.35
-177.3 -179.3
-177.25 -179.25
-177.2 -179.2
-177.15 -179.15
-177.1 -179.1
-177.05 -179.05
-177 -179
-176.95 -178.95
-176.9 -178.9
-176.85 -178.85
-176.8 -178.8
-176.75 -178.75
-176.7 -178.7
-176.65 -178.65
-176.6 -178.6
-176.55 -178.55
-176.5 -178.5
-176.45 -178.45
-176.4 -178.4
-176.35 -178.35
-176.3 -178.3
-176.25 -178.25
-176.2 -178.2
-176.15 -178.15
-176.1 -178.1
-176.05 -178.05
-176 -178
-175.95 -177.95
-175.9 -177.9
-175.85 -177.85
-175.8 -177.8
-175.75 -177.75
-175.7 -177.7
-175.65 -177.65
-175.6 -177.6
-175.55 -177.55
-175.5 -177.5
-175.45 -177.45
-175.4 -177.4
-175.35 -177.35
-175.3 -177.3
-175.25 -177.25
-175.2 -177.2
-175.15 -177.15
-175.1 -177.1
-175.05 -177.05
-175 -177
-174.95 -176.95
-174.9 -176.9
-174.85 -176.85
-174.8 -176.8
-174.75 -176.75
-174.7 -176.7
-174.65 -176.65
-174.6 -176.6
-174.55 -176.55
-174.5 -176.5
-174.45 -176.45
-174.4 -176.4
-174.35 -176.35
-174.3 -176.3
-174.25 -176.25
-174.2 -176.2
-174.15 -176.15
-174.1 -176.1
-174.05 -176.05
-174 -176
-173.95 -175.95
-173.9 -175.9
-173.85 -175.85
-173.8 -175.8
-173.75 -175.75
-173.7 -175.7
-173.65 -175.65
-173.6 -175.6
-173.55 -175.55
-173.5 -175.5
-173.45 -175.45
-173.4 -175.4
-173.35 -175.35
-173.3 -175.3
-173.25 -175.25
-173.2 -175.2
-173.15 -175.15
-173.1 -175.1
-173.05 -175.05
-173 -175
-172.95 -174.95
-172.9 -174.9
-172.85 -174.85
-172.8 -174.8
-172.75 -174.75
-172.7 -174.7
-172.65 -174.65
-172.6 -174.6
-172.55 -174.55
-172.5 -174.5
-172.45 -174.45
-172.4 -174.4
-172.35 -174.35
-172.3 -174.3
-172.25 -174.25
-172.2 -174.2
-172.15 -174.15
-172.1 -174.1
-172.05 -174.05
-172 -174
-171.95 -173.95
-171.9 -173.9
-171.85 -173.85
-171.8 -173.8
-171.75 -173.75
-171.7 -173.7
-171.65 -173.65
-171.6 -173.6
-171.55 -173.55
-171.5 -173.5
-171.45 -173.45
-171.4 -173.4
-171.35 -173.35
-171.3 -173.3
-171.25 -173.25
-171.2 -173.2
-171.15 -173.15
-171.1 -173.1
-171.05 -173.05
-171 -173
-170.95 -172.95
-170.9 -172.9
-170.85 -172.85
-170.8 -172.8
-170.75 -172.75
-170.7 -172.7
-170.65 -172.65
-170.6 -172.6
-170.55 -172.55
-170.5 -172.5
-170.45 -172.45
-170.4 -172.4
-170.35 -172.35
-170.3 -172.3
-170.25 -172.25
-170.2 -172.2
-170.15 -172.15
-170.1 -172.1
-170.05 -172.05
-170 -172
-169.95 -171.95
-169.9 -171.9
-169.85 -171.85
-169.8 -171.8
-169.75 -171.75
-169.7 -171.7
-169.65 -171.65
-169.6 -171.6
-169.55 -171.55
-169.5 -171.5
-169.45 -171.45
-169.4 -171.4
-169.35 -171.35
-169.3 -171.3
-169.25 -171.25
-169.2 -171.2
-169.15 -171.15
-169.1 -171.1
-169.05 -171.05
-169 -171
-168.95 -170.95
-168.9 -170.9
-168.85 -170.85
-168.8 -170.8
-168.75 -170.75
-168.7 -170.7
-168.65 -170.65
-168.6 -170.6
-168.55 -170.55
-168.5 -170.5
-168.45 -170.45
-168.4 -170.4
-168.35 -170.35
-168.3 -170.3
-168.25 -170.25
-168.2 -170.2
-168.15 -170.15
-168.1 -170.1
-168.05 -170.05
-168 -170
-167.95 -169.95
-167.9 -169.9
-167.85 -169.85
-167.8 -169.8
-167.75 -169.75
-167.7 -169.7
-167.65 -169.65
-167.6 -169.6
-167.55 -169.55
-167.5 -169.5
-167.45 -169.45
-167.4 -169.4
-167.35 -169.35
-167.3 -169.3
-167.25 -169.25
-167.2 -169.2
-167.15 -169.15
-167.1 -169.1
-167.05 -169.05
-167 -169
-166.95 -168.95
-166.9 -168.9
-166.85 -168.85
-166.8 -168.8
-166.75 -168.75
-166.7 -168.7
-166.65 -168.65
-166.6 -168.6
-166.55 -168.55
-166.5 -168.5
-166.45 -168.45
-166.4 -168.4
-166.35 -168.35
-166.3 -168.3
-166.25 -168.25
-166.2 -168.2
-166.15 -168.15
-166.1 -168.1
-166.05 -168.05
-166 -168
-165.95 -167.95
-165.9 -167.9
-165.85 -167.85
-165.8 -167.8
-165.75 -167.75
-165.7 -167.7
-165.65 -167.65
-165.6 -167.6
-165.55 -167.55
-165.5 -167.5
-165.45 -167.45
-165.4 -167.4
-165.35 -167.35
-165.3 -167.3
-165.25 -167.25
-165.2 -167.2
-165.15 -167.15
-165.1 -167.1
-165.05 -167.05
-165 -167
-164.95 -166.95
-164.9 -166.9
-164.85 -166.85
-164.8 -166.8
-164.75 -166.75
-164.7 -166.7
-164.65 -166.65
-164.6 -166.6
-164.55 -166.55
-164.5 -166.5
-164.45 -166.45
-164.4 -166.4
-164.35 -166.35
-164.3 -166.3
-164.25 -166.25
-164.2 -166.2
-164.15 -166.15
-164.1 -166.1
-164.05 -166.05
-164 -166
-163.95 -165.95
-163.9 -165.9
-163.85 -165.85
-163.8 -165.8
-163.75 -165.75
-163.7 -165.7
-163.65 -165.65
-163.6 -165.6
-163.55 -165.55
-163.5 -165.5
-163.45 -165.45
-163.4 -165.4
-163.35 -165.35
-163.3 -165.3
-163.25 -165.25
-163.2 -165.2
-163.15 -165.15
-163.1 -165.1
-163.05 -165.05
-163 -165
-162.95 -164.95
-162.9 -164.9
-162.85 -164.85
-162.8 -164.8
-162.75 -164.75
-162.7 -164.7
-162.65 -164.65
-162.6 -164.6
-162.55 -164.55
-162.5 -164.5
-162.45 -164.45
-162.4 -164.4
-162.35 -164.35
-162.3 -164.3
-162.25 -164.25
-162.2 -164.2
-162.15 -164.15
-162.1 -164.1
-162.05 -164.05
-162 -164
-161.95 -163.95
-161.9 -163.9
-161.85 -163.85
-161.8 -163.8
-161.75 -163.75
-161.7 -163.7
-161.65 -163.65
-161.6 -163.6
-161.55 -163.55
-161.5 -163.5
-161.45 -163.45
-161.4 -163.4
-161.35 -163.35
-161.3 -163.3
-161.25 -163.25
-161.2 -163.2
-161.15 -163.15
-161.1 -163.1
-161.05 -163.05
-161 -163
-160.95 -162.95
-160.9 -162.9
-160.85 -162.85
-160.8 -162.8
-160.75 -162.75
-160.7 -162.7
-160.65 -162.65
-160.6 -162.6
-160.55 -162.55
-160.5 -162.5
-160.45 -162.45
-160.4 -162.4
-160.35 -162.35
-160.3 -162.3
-160.25 -162.25
-160.2 -162.2
-160.15 -162.15
-160.1 -162.1
-160.05 -162.05
-160 -162
