-200 4.56719e+46
-199.95 -1.65329e+62
-199.9 -3.28172e+62
-199.85 -4.86043e+62
-199.8 -6.36455e+62
-199.75 -7.76923e+62
-199.7 -9.0496e+62
-199.65 -1.01808e+63
-199.6 -1.1138e+63
-199.55 -1.18962e+63
-199.5 -1.24308e+63
-199.45 -1.27167e+63
-199.4 -1.27291e+63
-199.35 -1.24432e+63
-199.3 -1.18341e+63
-199.25 -1.08769e+63
-199.2 -9.54683e+62
-199.15 -7.81896e+62
-199.1 -5.66843e+62
-199.05 -3.0704e+62
-199 1.50749e+51
-198.95 3.56763e+62
-198.9 7.65736e+62
-198.85 1.2294e+63
-198.8 1.75025e+63
-198.75 2.33077e+63
-198.7 2.97344e+63
-198.65 3.68075e+63
-198.6 4.45519e+63
-198.55 5.29924e+63
-198.5 6.21539e+63
-198.45 7.20612e+63
-198.4 8.27392e+63
-198.35 9.42128e+63
-198.3 1.06507e+64
-198.25 1.19646e+64
-198.2 1.33656e+64
-198.15 1.4856e+64
-198.1 1.64385e+64
-198.05 1.81154e+64
-198 1.98892e+64
