-200 0
-199.95 -4.20876e+39
-199.9 -8.35424e+39
-199.85 -1.23731e+40
-199.8 -1.62022e+40
-199.75 -1.9778e+40
-199.7 -2.30374e+40
-199.65 -2.59171e+40
-199.6 -2.83538e+40
-199.55 -3.02841e+40
-199.5 -3.16448e+40
-199.45 -3.23727e+40
-199.4 -3.24043e+40
-199.35 -3.16765e+40
-199.3 -3.01259e+40
-199.25 -2.76892e+40
-199.2 -2.43032e+40
-199.15 -1.99046e+40
-199.1 -1.443e+40
-199.05 -7.81628e+39
-199 3.83749e+28
-198.95 9.08207e+39
-198.9 1.94932e+40
-198.85 3.12967e+40
-198.8 4.45559e+40
-198.75 5.93341e+40
-198.7 7.56945e+40
-198.65 9.37004e+40
-198.6 1.13415e+41
-198.55 1.34902e+41
-198.5 1.58224e+41
-198.45 1.83445e+41
-198.4 2.10628e+41
-198.35 2.39836e+41
-198.3 2.71133e+41
-198.25 3.04582e+41
-198.2 3.40245e+41
-198.15 3.78187e+41
-198.1 4.18471e+41
-198.05 4.6116e+41
-198 5.06317e+41
-197.95 5.54006e+41
-197.9 6.0429e+41
-197.85 6.57232e+41
-197.8 7.12895e+41
-197.75 7.71343e+41
-197.7 8.32639e+41
-197.65 8.96846e+41
-197.6 9.64028e+41
-197.55 1.03425e+42
-197.5 1.10757e+42
-197.45 1.18405e+42
-197.4 1.26377e+42
-197.35 1.34677e+42
-197.3 1.43313e+42
-197.25 1.52291e+42
-197.2 1.61617e+42
-197.15 1.71297e+42
-197.1 1.81338e+42
-197.05 1.91746e+42
-197 2.02527e+42
-196.95 2.13688e+42
-196.9 2.25235e+42
-196.85 2.37175e+42
-196.8 2.49513e+42
-196.75 2.62257e+42
-196.7 2.75411e+42
-196.65 2.88984e+42
-196.6 3.0298e+42
-196.55 3.17407e+42
-196.5 3.32271e+42
-196.45 3.47577e+42
-196.4 3.63333e+42
-196.35 3.79545e+42
-196.3 3.96219e+42
-196.25 4.13361e+42
-196.2 4.30977e+42
-196.15 4.49075e+42
-196.1 4.6766e+42
-196.05 4.86739e+42
-196 5.06317e+42
