-200 -7.839e+06
-199 -7.7212e+06
-198 -7.60458e+06
-197 -7.48915e+06
-196 -7.37489e+06
-195 -7.2618e+06
-194 -7.14987e+06
-193 -7.03909e+06
-192 -6.92947e+06
-191 -6.82099e+06
-190 -6.71365e+06
-189 -6.60744e+06
-188 -6.50235e+06
-187 -6.39839e+06
-186 -6.29554e+06
-185 -6.1938e+06
-184 -6.09316e+06
-183 -5.99361e+06
-182 -5.89516e+06
-181 -5.79779e+06
-180 -5.7015e+06
-179 -5.60628e+06
-178 -5.51212e+06
-177 -5.41903e+06
-176 -5.32699e+06
-175 -5.236e+06
-174 -5.14605e+06
-173 -5.05713e+06
-172 -4.96925e+06
-171 -4.88239e+06
-170 -4.79655e+06
-169 -4.71172e+06
-168 -4.62789e+06
-167 -4.54507e+06
-166 -4.46324e+06
-165 -4.3824e+06
-164 -4.30254e+06
-163 -4.22365e+06
-162 -4.14574e+06
-161 -4.06879e+06
-160 -3.9928e+06
-159 -3.91776e+06
-158 -3.84366e+06
-157 -3.77051e+06
-156 -3.69829e+06
-155 -3.627e+06
-154 -3.55663e+06
-153 -3.48717e+06
-152 -3.41863e+06
-151 -3.35099e+06
-150 -3.28425e+06
-149 -3.2184e+06
-148 -3.15343e+06
-147 -3.08935e+06
-146 -3.02614e+06
-145 -2.9638e+06
-144 -2.90232e+06
-143 -2.84169e+06
-142 -2.78192e+06
-141 -2.72299e+06
-140 -2.6649e+06
-139 -2.60764e+06
-138 -2.5512e+06
-137 -2.49559e+06
-136 -2.44079e+06
-135 -2.3868e+06
-134 -2.33361e+06
-133 -2.28121e+06
-132 -2.22961e+06
-131 -2.17879e+06
-130 -2.12875e+06
-129 -2.07948e+06
-128 -2.03097e+06
-127 -1.98323e+06
-126 -1.93624e+06
-125 -1.89e+06
-124 -1.8445e+06
-123 -1.79973e+06
-122 -1.7557e+06
-121 -1.71239e+06
-120 -1.6698e+06
-119 -1.62792e+06
-118 -1.58674e+06
-117 -1.54627e+06
-116 -1.50649e+06
-115 -1.4674e+06
-114 -1.42899e+06
-113 -1.39125e+06
-112 -1.35419e+06
-111 -1.31779e+06
-110 -1.28205e+06
-109 -1.24696e+06
-108 -1.21251e+06
-107 -1.17871e+06
-106 -1.14554e+06
-105 -1.113e+06
-104 -1.08108e+06
-103 -1.04977e+06
-102 -1.01908e+06
-101 -988990
-100 -959498
-99 -930598
-98 -902284
-97 -874550
-96 -847390
-95 -820798
-94 -794768
-93 -769294
-92 -744370
-91 -719990
-90 -696148
-89 -672838
-88 -650054
-87 -627790
-86 -606040
-85 -584798
-84 -564058
-83 -543814
-82 -524060
-81 -504790
-80 -485998
-79 -467678
-78 -449824
-77 -432430
-76 -415490
-75 -398998
-74 -382948
-73 -367334
-72 -352150
-71 -337390
-70 -323048
-69 -309118
-68 -295594
-67 -282470
-66 -269740
-65 -257398
-64 -245438
-63 -233854
-62 -222640
-61 -211790
-60 -201298
-59 -191158
-58 -181364
-57 -171910
-56 -162790
-55 -153998
-54 -145528
-53 -137374
-52 -129530
-51 -121990
-50 -114748
-49 -107798
-48 -101134
-47 -94750
-46 -88640
-45 -82798
-44 -77218
-43 -71894
-42 -66820
-41 -61990
-40 -57398
-39 -53038
-38 -48904
-37 -44990
-36 -41290
-35 -37798
-34 -34508
-33 -31414
-32 -28510
-31 -25790
-30 -23248
-29 -20878
-28 -18674
-27 -16630
-26 -14740
-25 -12998
-24 -11398
-23 -9934
-22 -8600
-21 -7390
-20 -6298
-19 -5318
-18 -4444
-17 -3670
-16 -2990
-15 -2398
-14 -1888
-13 -1454
-12 -1090
-11 -790
-10 -548
-9 -358
-8 -214
-7 -110
-6 -40
-5 2
-4 22
-3 26
-2 20
-1 10
0 2
1 2
2 16
3 50
4 110
5 202
6 332
7 506
8 730
9 1010
10 1352
11 1762
12 2246
13 2810
14 3460
15 4202
16 5042
17 5986
18 7040
19 8210
20 9502
21 10922
22 12476
23 14170
24 16010
25 18002
26 20152
27 22466
28 24950
29 27610
30 30452
31 33482
32 36706
33 40130
34 43760
35 47602
36 51662
37 55946
38 60460
39 65210
40 70202
41 75442
42 80936
43 86690
44 92710
45 99002
46 105572
47 112426
48 119570
49 127010
50 134752
51 142802
52 151166
53 159850
54 168860
55 178202
56 187882
57 197906
58 208280
59 219010
60 230102
61 241562
62 253396
63 265610
64 278210
65 291202
66 304592
67 318386
68 332590
69 347210
70 362252
71 377722
72 393626
73 409970
74 426760
75 444002
76 461702
77 479866
78 498500
79 517610
80 537202
81 557282
82 577856
83 598930
84 620510
85 642602
86 665212
87 688346
88 712010
89 736210
90 760952
91 786242
92 812086
93 838490
94 865460
95 893002
96 921122
97 949826
98 979120
99 1.00901e+06
100 1.0395e+06
101 1.0706e+06
102 1.10232e+06
103 1.13465e+06
104 1.16761e+06
105 1.2012e+06
106 1.23543e+06
107 1.27031e+06
108 1.30583e+06
109 1.34201e+06
110 1.37885e+06
111 1.41636e+06
112 1.45455e+06
113 1.49341e+06
114 1.53296e+06
115 1.5732e+06
116 1.61414e+06
117 1.65579e+06
118 1.69814e+06
119 1.74121e+06
120 1.785e+06
121 1.82952e+06
122 1.87478e+06
123 1.92077e+06
124 1.96751e+06
125 2.015e+06
126 2.06325e+06
127 2.11227e+06
128 2.16205e+06
129 2.21261e+06
130 2.26395e+06
131 2.31608e+06
132 2.36901e+06
133 2.42273e+06
134 2.47726e+06
135 2.5326e+06
136 2.58876e+06
137 2.64575e+06
138 2.70356e+06
139 2.76221e+06
140 2.8217e+06
141 2.88204e+06
142 2.94324e+06
143 3.00529e+06
144 3.06821e+06
145 3.132e+06
146 3.19667e+06
147 3.26223e+06
148 3.32867e+06
149 3.39601e+06
150 3.46425e+06
151 3.5334e+06
152 3.60347e+06
153 3.67445e+06
154 3.74636e+06
155 3.8192e+06
156 3.89298e+06
157 3.96771e+06
158 4.04338e+06
159 4.12001e+06
160 4.1976e+06
161 4.27616e+06
162 4.3557e+06
163 4.43621e+06
164 4.51771e+06
165 4.6002e+06
166 4.68369e+06
167 4.76819e+06
168 4.85369e+06
169 4.94021e+06
170 5.02775e+06
171 5.11632e+06
172 5.20593e+06
173 5.29657e+06
174 5.38826e+06
175 5.481e+06
176 5.5748e+06
177 5.66967e+06
178 5.7656e+06
179 5.86261e+06
180 5.9607e+06
181 6.05988e+06
182 6.16016e+06
183 6.26153e+06
184 6.36401e+06
185 6.4676e+06
186 6.57231e+06
187 6.67815e+06
188 6.78511e+06
189 6.89321e+06
190 7.00245e+06
191 7.11284e+06
192 7.22439e+06
193 7.33709e+06
194 7.45096e+06
195 7.566e+06
196 7.68222e+06
197 7.79963e+06
198 7.91822e+06
199 8.03801e+06
200 8.159e+06
