-200 -7.839e+06
-199.5 -7.77995e+06
-199 -7.7212e+06
-198.5 -7.66274e+06
-198 -7.60458e+06
-197.5 -7.54672e+06
-197 -7.48915e+06
-196.5 -7.43187e+06
-196 -7.37489e+06
-195.5 -7.3182e+06
-195 -7.2618e+06
-194.5 -7.20569e+06
-194 -7.14987e+06
-193.5 -7.09434e+06
-193 -7.03909e+06
-192.5 -6.98414e+06
-192 -6.92947e+06
-191.5 -6.87509e+06
-191 -6.82099e+06
-190.5 -6.76718e+06
-190 -6.71365e+06
-189.5 -6.6604e+06
-189 -6.60744e+06
-188.5 -6.55476e+06
-188 -6.50235e+06
-187.5 -6.45023e+06
-187 -6.39839e+06
-186.5 -6.34683e+06
-186 -6.29554e+06
-185.5 -6.24453e+06
-185 -6.1938e+06
-184.5 -6.14334e+06
-184 -6.09316e+06
-183.5 -6.04325e+06
-183 -5.99361e+06
-182.5 -5.94425e+06
-182 -5.89516e+06
-181.5 -5.84634e+06
-181 -5.79779e+06
-180.5 -5.74951e+06
-180 -5.7015e+06
-179.5 -5.65375e+06
-179 -5.60628e+06
-178.5 -5.55907e+06
-178 -5.51212e+06
-177.5 -5.46544e+06
-177 -5.41903e+06
-176.5 -5.37288e+06
-176 -5.32699e+06
-175.5 -5.28136e+06
-175 -5.236e+06
-174.5 -5.19089e+06
-174 -5.14605e+06
-173.5 -5.10146e+06
-173 -5.05713e+06
-172.5 -5.01306e+06
-172 -4.96925e+06
-171.5 -4.92569e+06
-171 -4.88239e+06
-170.5 -4.83934e+06
-170 -4.79655e+06
-169.5 -4.75401e+06
-169 -4.71172e+06
-168.5 -4.66968e+06
-168 -4.62789e+06
-167.5 -4.58636e+06
-167 -4.54507e+06
-166.5 -4.50403e+06
-166 -4.46324e+06
-165.5 -4.4227e+06
-165 -4.3824e+06
-164.5 -4.34235e+06
-164 -4.30254e+06
-163.5 -4.26297e+06
-163 -4.22365e+06
-162.5 -4.18458e+06
-162 -4.14574e+06
-161.5 -4.10714e+06
-161 -4.06879e+06
-160.5 -4.03067e+06
-160 -3.9928e+06
-159.5 -3.95516e+06
-159 -3.91776e+06
-158.5 -3.88059e+06
-158 -3.84366e+06
-157.5 -3.80697e+06
-157 -3.77051e+06
-156.5 -3.73428e+06
-156 -3.69829e+06
-155.5 -3.66253e+06
-155 -3.627e+06
-154.5 -3.5917e+06
-154 -3.55663e+06
-153.5 -3.52179e+06
-153 -3.48717e+06
-152.5 -3.45279e+06
-152 -3.41863e+06
-151.5 -3.3847e+06
-151 -3.35099e+06
-150.5 -3.31751e+06
-150 -3.28425e+06
-149.5 -3.25121e+06
-149 -3.2184e+06
-148.5 -3.18581e+06
-148 -3.15343e+06
-147.5 -3.12128e+06
-147 -3.08935e+06
-146.5 -3.05764e+06
-146 -3.02614e+06
-145.5 -2.99486e+06
-145 -2.9638e+06
-144.5 -2.93295e+06
-144 -2.90232e+06
-143.5 -2.8719e+06
-143 -2.84169e+06
-142.5 -2.8117e+06
-142 -2.78192e+06
-141.5 -2.75235e+06
-141 -2.72299e+06
-140.5 -2.69384e+06
-140 -2.6649e+06
-139.5 -2.63616e+06
-139 -2.60764e+06
-138.5 -2.57932e+06
-138 -2.5512e+06
-137.5 -2.52329e+06
-137 -2.49559e+06
-136.5 -2.46809e+06
-136 -2.44079e+06
-135.5 -2.41369e+06
-135 -2.3868e+06
-134.5 -2.3601e+06
-134 -2.33361e+06
-133.5 -2.30731e+06
-133 -2.28121e+06
-132.5 -2.25531e+06
-132 -2.22961e+06
-131.5 -2.2041e+06
-131 -2.17879e+06
-130.5 -2.15367e+06
-130 -2.12875e+06
-129.5 -2.10402e+06
-129 -2.07948e+06
-128.5 -2.05513e+06
-128 -2.03097e+06
-127.5 -2.00701e+06
-127 -1.98323e+06
-126.5 -1.95964e+06
-126 -1.93624e+06
-125.5 -1.91303e+06
-125 -1.89e+06
-124.5 -1.86716e+06
-124 -1.8445e+06
-123.5 -1.82202e+06
-123 -1.79973e+06
-122.5 -1.77763e+06
-122 -1.7557e+06
-121.5 -1.73395e+06
-121 -1.71239e+06
-120.5 -1.691e+06
-120 -1.6698e+06
-119.5 -1.64877e+06
-119 -1.62792e+06
-118.5 -1.60724e+06
-118 -1.58674e+06
-117.5 -1.56642e+06
-117 -1.54627e+06
-116.5 -1.52629e+06
-116 -1.50649e+06
-115.5 -1.48686e+06
-115 -1.4674e+06
-114.5 -1.44811e+06
-114 -1.42899e+06
-113.5 -1.41004e+06
-113 -1.39125e+06
-112.5 -1.37264e+06
-112 -1.35419e+06
-111.5 -1.33591e+06
-111 -1.31779e+06
-110.5 -1.29984e+06
-110 -1.28205e+06
-109.5 -1.26442e+06
-109 -1.24696e+06
-108.5 -1.22966e+06
-108 -1.21251e+06
-107.5 -1.19553e+06
-107 -1.17871e+06
-106.5 -1.16205e+06
-106 -1.14554e+06
-105.5 -1.12919e+06
-105 -1.113e+06
-104.5 -1.09696e+06
-104 -1.08108e+06
-103.5 -1.06535e+06
-103 -1.04977e+06
-102.5 -1.03435e+06
-102 -1.01908e+06
-101.5 -1.00396e+06
-101 -988990
-100.5 -974170
-100 -959498
-99.5 -944974
-99 -930598
-98.5 -916368
-98 -902284
-97.5 -888345
-97 -874550
-96.5 -860899
-96 -847390
-95.5 -834023
-95 -820798
-94.5 -807713
-94 -794768
-93.5 -781962
-93 -769294
-92.5 -756764
-92 -744370
-91.5 -732112
-91 -719990
-90.5 -708002
-90 -696148
-89.5 -684427
-89 -672838
-88.5 -661381
-88 -650054
-87.5 -638857
-87 -627790
-86.5 -616851
-86 -606040
-85.5 -595356
-85 -584798
-84.5 -574366
-84 -564058
-83.5 -553874
-83 -543814
-82.5 -533876
-82 -524060
-81.5 -514365
-81 -504790
-80.5 -495335
-80 -485998
-79.5 -476779
-79 -467678
-78.5 -458693
-78 -449824
-77.5 -441070
-77 -432430
-76.5 -423904
-76 -415490
-75.5 -407188
-75 -398998
-74.5 -390918
-74 -382948
-73.5 -375087
-73 -367334
-72.5 -359689
-72 -352150
-71.5 -344717
-71 -337390
-70.5 -330167
-70 -323048
-69.5 -316032
-69 -309118
-68.5 -302306
-68 -295594
-67.5 -288982
-67 -282470
-66.5 -276056
-66 -269740
-65.5 -263521
-65 -257398
-64.5 -251371
-64 -245438
-63.5 -239599
-63 -233854
-62.5 -228201
-62 -222640
-61.5 -217170
-61 -211790
-60.5 -206500
-60 -201298
-59.5 -196184
-59 -191158
-58.5 -186218
-58 -181364
-57.5 -176595
-57 -171910
-56.5 -167309
-56 -162790
-55.5 -158353
-55 -153998
-54.5 -149723
-54 -145528
-53.5 -141412
-53 -137374
-52.5 -133414
-52 -129530
-51.5 -125722
-51 -121990
-50.5 -118332
-50 -114748
-49.5 -111237
-49 -107798
-48.5 -104431
-48 -101134
-47.5 -97907.4
-47 -94750
-46.5 -91661.1
-46 -88640
-45.5 -85685.9
-45 -82798
-44.5 -79975.6
-44 -77218
-43.5 -74524.4
-43 -71894
-42.5 -69326.1
-42 -66820
-41.5 -64374.9
-41 -61990
-40.5 -59664.6
-40 -57398
-39.5 -55189.4
-39 -53038
-38.5 -50943.1
-38 -48904
-37.5 -46919.9
-37 -44990
-36.5 -43113.6
-36 -41290
-35.5 -39518.4
-35 -37798
-34.5 -36128.1
-34 -34508
-33.5 -32936.9
-33 -31414
-32.5 -29938.6
-32 -28510
-31.5 -27127.4
-31 -25790
-30.5 -24497.1
-30 -23248
-29.5 -22041.9
-29 -20878
-28.5 -19755.6
-28 -18674
-27.5 -17632.4
-27 -16630
-26.5 -15666.1
-26 -14740
-25.5 -13850.9
-25 -12998
-24.5 -12180.6
-24 -11398
-23.5 -10649.4
-23 -9934
-22.5 -9251.12
-22 -8600
-21.5 -7979.88
-21 -7390
-20.5 -6829.62
-20 -6298
-19.5 -5794.38
-19 -5318
-18.5 -4868.12
-18 -4444
-17.5 -4044.88
-17 -3670
-16.5 -3318.62
-16 -2990
-15.5 -2683.38
-15 -2398
-14.5 -2133.12
-14 -1888
-13.5 -1661.88
-13 -1454
-12.5 -1263.62
-12 -1090
-11.5 -932.375
-11 -790
-10.5 -662.125
-10 -548
-9.5 -446.875
-9 -358
-8.5 -280.625
-8 -214
-7.5 -157.375
-7 -110
-6.5 -71.125
-6 -40
-5.5 -15.875
-5 2
-4.5 14.375
-4 22
-3.5 25.625
-3 26
-2.5 23.875
-2 20
-1.5 15.125
-1 10
-0.5 5.375
0 2
0.5 0.625
1 2
1.5 6.875
2 16
2.5 30.125
3 50
3.5 76.375
4 110
4.5 151.625
5 202
5.5 261.875
6 332
6.5 413.125
7 506
7.5 611.375
8 730
8.5 862.625
9 1010
9.5 1172.88
10 1352
10.5 1548.12
11 1762
11.5 1994.38
12 2246
12.5 2517.62
13 2810
13.5 3123.88
14 3460
14.5 3819.12
15 4202
15.5 4609.38
16 5042
16.5 5500.62
17 5986
17.5 6498.88
18 7040
18.5 7610.12
19 8210
19.5 8840.38
20 9502
20.5 10195.6
21 10922
21.5 11681.9
22 12476
22.5 13305.1
23 14170
23.5 15071.4
24 16010
24.5 16986.6
25 18002
25.5 19056.9
26 20152
26.5 21288.1
27 22466
27.5 23686.4
28 24950
28.5 26257.6
29 27610
29.5 29007.9
30 30452
30.5 31943.1
31 33482
31.5 35069.4
32 36706
32.5 38392.6
33 40130
33.5 41918.9
34 43760
34.5 45654.1
35 47602
35.5 49604.4
36 51662
36.5 53775.6
37 55946
37.5 58173.9
38 60460
38.5 62805.1
39 65210
39.5 67675.4
40 70202
40.5 72790.6
41 75442
41.5 78156.9
42 80936
42.5 83780.1
43 86690
43.5 89666.4
44 92710
44.5 95821.6
45 99002
45.5 102252
46 105572
46.5 108963
47 112426
47.5 115961
48 119570
48.5 123253
49 127010
49.5 130843
50 134752
50.5 138738
51 142802
51.5 146944
52 151166
52.5 155468
53 159850
53.5 164314
54 168860
54.5 173489
55 178202
55.5 182999
56 187882
56.5 192851
57 197906
57.5 203049
58 208280
58.5 213600
59 219010
59.5 224510
60 230102
60.5 235786
61 241562
61.5 247432
62 253396
62.5 259455
63 265610
63.5 271861
64 278210
64.5 284657
65 291202
65.5 297847
66 304592
66.5 311438
67 318386
67.5 325436
68 332590
68.5 339848
69 347210
69.5 354678
70 362252
70.5 369933
71 377722
71.5 385619
72 393626
72.5 401743
73 409970
73.5 418309
74 426760
74.5 435324
75 444002
75.5 452794
76 461702
76.5 470726
77 479866
77.5 489124
78 498500
78.5 507995
79 517610
79.5 527345
80 537202
80.5 547181
81 557282
81.5 567507
82 577856
82.5 588330
83 598930
83.5 609656
84 620510
84.5 631492
85 642602
85.5 653842
86 665212
86.5 676713
87 688346
87.5 700111
88 712010
88.5 724043
89 736210
89.5 748513
90 760952
90.5 773528
91 786242
91.5 799094
92 812086
92.5 825218
93 838490
93.5 851904
94 865460
94.5 879159
95 893002
95.5 906989
96 921122
96.5 935401
97 949826
97.5 964399
98 979120
98.5 993990
99 1.00901e+06
99.5 1.02418e+06
100 1.0395e+06
100.5 1.05498e+06
101 1.0706e+06
101.5 1.08638e+06
102 1.10232e+06
102.5 1.11841e+06
103 1.13465e+06
103.5 1.15105e+06
104 1.16761e+06
104.5 1.18433e+06
105 1.2012e+06
105.5 1.21824e+06
106 1.23543e+06
106.5 1.25279e+06
107 1.27031e+06
107.5 1.28799e+06
108 1.30583e+06
108.5 1.32384e+06
109 1.34201e+06
109.5 1.36035e+06
110 1.37885e+06
110.5 1.39752e+06
111 1.41636e+06
111.5 1.43537e+06
112 1.45455e+06
112.5 1.47389e+06
113 1.49341e+06
113.5 1.5131e+06
114 1.53296e+06
114.5 1.55299e+06
115 1.5732e+06
115.5 1.59358e+06
116 1.61414e+06
116.5 1.63488e+06
117 1.65579e+06
117.5 1.67687e+06
118 1.69814e+06
118.5 1.71959e+06
119 1.74121e+06
119.5 1.76302e+06
120 1.785e+06
120.5 1.80717e+06
121 1.82952e+06
121.5 1.85206e+06
122 1.87478e+06
122.5 1.89768e+06
123 1.92077e+06
123.5 1.94405e+06
124 1.96751e+06
124.5 1.99116e+06
125 2.015e+06
125.5 2.03903e+06
126 2.06325e+06
126.5 2.08766e+06
127 2.11227e+06
127.5 2.13706e+06
128 2.16205e+06
128.5 2.18723e+06
129 2.21261e+06
129.5 2.23818e+06
130 2.26395e+06
130.5 2.28992e+06
131 2.31608e+06
131.5 2.34244e+06
132 2.36901e+06
132.5 2.39577e+06
133 2.42273e+06
133.5 2.44989e+06
134 2.47726e+06
134.5 2.50483e+06
135 2.5326e+06
135.5 2.56058e+06
136 2.58876e+06
136.5 2.61715e+06
137 2.64575e+06
137.5 2.67455e+06
138 2.70356e+06
138.5 2.73278e+06
139 2.76221e+06
139.5 2.79185e+06
140 2.8217e+06
140.5 2.85177e+06
141 2.88204e+06
141.5 2.91253e+06
142 2.94324e+06
142.5 2.97416e+06
143 3.00529e+06
143.5 3.03664e+06
144 3.06821e+06
144.5 3.1e+06
145 3.132e+06
145.5 3.16423e+06
146 3.19667e+06
146.5 3.22934e+06
147 3.26223e+06
147.5 3.29534e+06
148 3.32867e+06
148.5 3.36223e+06
149 3.39601e+06
149.5 3.43002e+06
150 3.46425e+06
150.5 3.49871e+06
151 3.5334e+06
151.5 3.56832e+06
152 3.60347e+06
152.5 3.63884e+06
153 3.67445e+06
153.5 3.71029e+06
154 3.74636e+06
154.5 3.78266e+06
155 3.8192e+06
155.5 3.85597e+06
156 3.89298e+06
156.5 3.93023e+06
157 3.96771e+06
157.5 4.00542e+06
158 4.04338e+06
158.5 4.08158e+06
159 4.12001e+06
159.5 4.15869e+06
160 4.1976e+06
160.5 4.23676e+06
161 4.27616e+06
161.5 4.31581e+06
162 4.3557e+06
162.5 4.39583e+06
163 4.43621e+06
163.5 4.47684e+06
164 4.51771e+06
164.5 4.55883e+06
165 4.6002e+06
165.5 4.64182e+06
166 4.68369e+06
166.5 4.72581e+06
167 4.76819e+06
167.5 4.81081e+06
168 4.85369e+06
168.5 4.89682e+06
169 4.94021e+06
169.5 4.98385e+06
170 5.02775e+06
170.5 5.07191e+06
171 5.11632e+06
171.5 5.16099e+06
172 5.20593e+06
172.5 5.25112e+06
173 5.29657e+06
173.5 5.34228e+06
174 5.38826e+06
174.5 5.4345e+06
175 5.481e+06
175.5 5.52777e+06
176 5.5748e+06
176.5 5.6221e+06
177 5.66967e+06
177.5 5.7175e+06
178 5.7656e+06
178.5 5.81397e+06
179 5.86261e+06
179.5 5.91152e+06
180 5.9607e+06
180.5 6.01016e+06
181 6.05988e+06
181.5 6.10988e+06
182 6.16016e+06
182.5 6.21071e+06
183 6.26153e+06
183.5 6.31263e+06
184 6.36401e+06
184.5 6.41567e+06
185 6.4676e+06
185.5 6.51982e+06
186 6.57231e+06
186.5 6.62509e+06
187 6.67815e+06
187.5 6.73149e+06
188 6.78511e+06
188.5 6.83902e+06
189 6.89321e+06
189.5 6.94769e+06
190 7.00245e+06
190.5 7.0575e+06
191 7.11284e+06
191.5 7.16847e+06
192 7.22439e+06
192.5 7.28059e+06
193 7.33709e+06
193.5 7.39388e+06
194 7.45096e+06
194.5 7.50833e+06
195 7.566e+06
195.5 7.62396e+06
196 7.68222e+06
196.5 7.74078e+06
197 7.79963e+06
197.5 7.85877e+06
198 7.91822e+06
198.5 7.97797e+06
199 8.03801e+06
199.5 8.09836e+06
200 8.159e+06
