-200 -7.839e+06
-190 -6.71365e+06
-180 -5.7015e+06
-170 -4.79655e+06
-160 -3.9928e+06
-150 -3.28425e+06
-140 -2.6649e+06
-130 -2.12875e+06
-120 -1.6698e+06
-110 -1.28205e+06
-100 -959498
-90 -696148
-80 -485998
-70 -323048
-60 -201298
-50 -114748
-40 -57398
-30 -23248
-20 -6298
-10 -548
0 2
10 1352
20 9502
30 30452
40 70202
50 134752
60 230102
70 362252
80 537202
90 760952
100 1.0395e+06
110 1.37885e+06
120 1.785e+06
130 2.26395e+06
140 2.8217e+06
150 3.46425e+06
160 4.1976e+06
170 5.02775e+06
180 5.9607e+06
190 7.00245e+06
200 8.159e+06
