-200 -202
-199.5 -201.5
-199 -201
-198.5 -200.5
-198 -200
-197.5 -199.5
-197 -199
-196.5 -198.5
-196 -198
-195.5 -197.5
-195 -197
-194.5 -196.5
-194 -196
-193.5 -195.5
-193 -195
-192.5 -194.5
-192 -194
-191.5 -193.5
-191 -193
-190.5 -192.5
-190 -192
-189.5 -191.5
-189 -191
-188.5 -190.5
-188 -190
-187.5 -189.5
-187 -189
-186.5 -188.5
-186 -188
-185.5 -187.5
-185 -187
-184.5 -186.5
-184 -186
-183.5 -185.5
-183 -185
-182.5 -184.5
-182 -184
-181.5 -183.5
-181 -183
-180.5 -182.5
-180 -182
-179.5 -181.5
-179 -181
-178.5 -180.5
-178 -180
-177.5 -179.5
-177 -179
-176.5 -178.5
-176 -178
-175.5 -177.5
-175 -177
-174.5 -176.5
-174 -176
-173.5 -175.5
-173 -175
-172.5 -174.5
-172 -174
-171.5 -173.5
-171 -173
-170.5 -172.5
-170 -172
-169.5 -171.5
-169 -171
-168.5 -170.5
-168 -170
-167.5 -169.5
-167 -169
-166.5 -168.5
-166 -168
-165.5 -167.5
-165 -167
-164.5 -166.5
-164 -166
-163.5 -165.5
-163 -165
-162.5 -164.5
-162 -164
-161.5 -163.5
-161 -163
-160.5 -162.5
-160 -162
-159.5 -161.5
-159 -161
-158.5 -160.5
-158 -160
-157.5 -159.5
-157 -159
-156.5 -158.5
-156 -158
-155.5 -157.5
-155 -157
-154.5 -156.5
-154 -156
-153.5 -155.5
-153 -155
-152.5 -154.5
-152 -154
-151.5 -153.5
-151 -153
-150.5 -152.5
-150 -152
-149.5 -151.5
-149 -151
-148.5 -150.5
-148 -150
-147.5 -149.5
-147 -149
-146.5 -148.5
-146 -148
-145.5 -147.5
-145 -147
-144.5 -146.5
-144 -146
-143.5 -145.5
-143 -145
-142.5 -144.5
-142 -144
-141.5 -143.5
-141 -143
-140.5 -142.5
-140 -142
-139.5 -141.5
-139 -141
-138.5 -140.5
-138 -140
-137.5 -139.5
-137 -139
-136.5 -138.5
-136 -138
-135.5 -137.5
-135 -137
-134.5 -136.5
-134 -136
-133.5 -135.5
-133 -135
-132.5 -134.5
-132 -134
-131.5 -133.5
-131 -133
-130.5 -132.5
-130 -132
-129.5 -131.5
-129 -131
-128.5 -130.5
-128 -130
-127.5 -129.5
-127 -129
-126.5 -128.5
-126 -128
-125.5 -127.5
-125 -127
-124.5 -126.5
-124 -126
-123.5 -125.5
-123 -125
-122.5 -124.5
-122 -124
-121.5 -123.5
-121 -123
-120.5 -122.5
-120 -122
-119.5 -121.5
-119 -121
-118.5 -120.5
-118 -120
-117.5 -119.5
-117 -119
-116.5 -118.5
-116 -118
-115.5 -117.5
-115 -117
-114.5 -116.5
-114 -116
-113.5 -115.5
-113 -115
-112.5 -114.5
-112 -114
-111.5 -113.5
-111 -113
-110.5 -112.5
-110 -112
-109.5 -111.5
-109 -111
-108.5 -110.5
-108 -110
-107.5 -109.5
-107 -109
-106.5 -108.5
-106 -108
-105.5 -107.5
-105 -107
-104.5 -106.5
-104 -106
-103.5 -105.5
-103 -105
-102.5 -104.5
-102 -104
-101.5 -103.5
-101 -103
-100.5 -102.5
-100 -102
-99.5 -101.5
-99 -101
-98.5 -100.5
-98 -100
-97.5 -99.5
-97 -99
-96.5 -98.5
-96 -98
-95.5 -97.5
-95 -97
-94.5 -96.5
-94 -96
-93.5 -95.5
-93 -95
-92.5 -94.5
-92 -94
-91.5 -93.5
-91 -93
-90.5 -92.5
-90 -92
-89.5 -91.5
-89 -91
-88.5 -90.5
-88 -90
-87.5 -89.5
-87 -89
-86.5 -88.5
-86 -88
-85.5 -87.5
-85 -87
-84.5 -86.5
-84 -86
-83.5 -85.5
-83 -85
-82.5 -84.5
-82 -84
-81.5 -83.5
-81 -83
-80.5 -82.5
-80 -82
-79.5 -81.5
-79 -81
-78.5 -80.5
-78 -80
-77.5 -79.5
-77 -79
-76.5 -78.5
-76 -78
-75.5 -77.5
-75 -77
-74.5 -76.5
-74 -76
-73.5 -75.5
-73 -75
-72.5 -74.5
-72 -74
-71.5 -73.5
-71 -73
-70.5 -72.5
-70 -72
-69.5 -71.5
-69 -71
-68.5 -70.5
-68 -70
-67.5 -69.5
-67 -69
-66.5 -68.5
-66 -68
-65.5 -67.5
-65 -67
-64.5 -66.5
-64 -66
-63.5 -65.5
-63 -65
-62.5 -64.5
-62 -64
-61.5 -63.5
-61 -63
-60.5 -62.5
-60 -62
-59.5 -61.5
-59 -61
-58.5 -60.5
-58 -60
-57.5 -59.5
-57 -59
-56.5 -58.5
-56 -58
-55.5 -57.5
-55 -57
-54.5 -56.5
-54 -56
-53.5 -55.5
-53 -55
-52.5 -54.5
-52 -54
-51.5 -53.5
-51 -53
-50.5 -52.5
-50 -52
-49.5 -51.5
-49 -51
-48.5 -50.5
-48 -50
-47.5 -49.5
-47 -49
-46.5 -48.5
-46 -48
-45.5 -47.5
-45 -47
-44.5 -46.5
-44 -46
-43.5 -45.5
-43 -45
-42.5 -44.5
-42 -44
-41.5 -43.5
-41 -43
-40.5 -42.5
-40 -42
-39.5 -41.5
-39 -41
-38.5 -40.5
-38 -40
-37.5 -39.5
-37 -39
-36.5 -38.5
-36 -38
-35.5 -37.5
-35 -37
-34.5 -36.5
-34 -36
-33.5 -35.5
-33 -35
-32.5 -34.5
-32 -34
-31.5 -33.5
-31 -33
-30.5 -32.5
-30 -32
-29.5 -31.5
-29 -31
-28.5 -30.5
-28 -30
-27.5 -29.5
-27 -29
-26.5 -28.5
-26 -28
-25.5 -27.5
-25 -27
-24.5 -26.5
-24 -26
-23.5 -25.5
-23 -25
-22.5 -24.5
-22 -24
-21.5 -23.5
-21 -23
-20.5 -22.5
-20 -22
-19.5 -21.5
-19 -21
-18.5 -20.5
-18 -20
-17.5 -19.5
-17 -19
-16.5 -18.5
-16 -18
-15.5 -17.5
-15 -17
-14.5 -16.5
-14 -16
-13.5 -15.5
-13 -15
-12.5 -14.5
-12 -14
-11.5 -13.5
-11 -13
-10.5 -12.5
-10 -12
-9.5 -11.4999
-9 -10.9999
-8.5 -10.4998
-8 -9.99966
-7.5 -9.49945
-7 -8.99909
-6.5 -8.4985
-6 -7.99752
-5.5 -7.49591
-5 -6.99326
-4.5 -6.48889
-4 -5.98168
-3.5 -5.4698
-3 -4.95021
-2.5 -4.41792
-2 -3.86466
-1.5 -3.27687
-1 -2.63212
-0.5 -1.89347
0 -1
0.5 0.148721
1 1.71828
1.5 3.98169
2 7.38906
2.5 12.6825
3 21.0855
3.5 34.6155
4 56.5982
4.5 92.5171
5 151.413
5.5 248.192
6 407.429
6.5 669.642
7 1101.63
7.5 1813.54
8 2986.96
8.5 4921.27
9 8110.08
9.5 13367.2
10 22034.5
10.5 36324
11 59883.1
11.5 98725.3
12 162765
12.5 268348
13 442424
13.5 729428
14 1.20262e+06
14.5 1.98277e+06
15 3.26903e+06
15.5 5.38971e+06
16 8.88612e+06
16.5 1.46507e+07
17 2.4155e+07
17.5 3.98248e+07
18 6.566e+07
18.5 1.08255e+08
19 1.78482e+08
19.5 2.94268e+08
20 4.85165e+08
20.5 7.99902e+08
21 1.31882e+09
21.5 2.17436e+09
22 3.58491e+09
22.5 5.91052e+09
23 9.7448e+09
23.5 1.60665e+10
24 2.64891e+10
24.5 4.36732e+10
25 7.20049e+10
25.5 1.18716e+11
26 1.9573e+11
26.5 3.22704e+11
27 5.32048e+11
27.5 8.77199e+11
28 1.44626e+12
28.5 2.38447e+12
29 3.93133e+12
29.5 6.48167e+12
30 1.06865e+13
30.5 1.7619e+13
31 2.90488e+13
31.5 4.78935e+13
32 7.8963e+13
32.5 1.30188e+14
33 2.14644e+14
33.5 3.53887e+14
34 5.83462e+14
34.5 9.61966e+14
35 1.58601e+15
35.5 2.61489e+15
36 4.31123e+15
36.5 7.10802e+15
37 1.17191e+16
37.5 1.93216e+16
38 3.18559e+16
38.5 5.25216e+16
39 8.65934e+16
39.5 1.42768e+17
40 2.35385e+17
40.5 3.88085e+17
41 6.39843e+17
41.5 1.05492e+18
42 1.73927e+18
42.5 2.86758e+18
43 4.72784e+18
43.5 7.79489e+18
44 1.28516e+19
44.5 2.11887e+19
45 3.49343e+19
45.5 5.75969e+19
46 9.49612e+19
46.5 1.56565e+20
47 2.58131e+20
47.5 4.25587e+20
48 7.01674e+20
48.5 1.15686e+21
49 1.90735e+21
49.5 3.14468e+21
50 5.18471e+21
50.5 8.54813e+21
51 1.40935e+22
51.5 2.32362e+22
52 3.83101e+22
52.5 6.31626e+22
53 1.04138e+23
53.5 1.71694e+23
54 2.83075e+23
54.5 4.66712e+23
55 7.69479e+23
55.5 1.26866e+24
56 2.09166e+24
56.5 3.44856e+24
57 5.68572e+24
57.5 9.37417e+24
58 1.54554e+25
58.5 2.54816e+25
59 4.20121e+25
59.5 6.92662e+25
60 1.14201e+26
60.5 1.88285e+26
61 3.1043e+26
61.5 5.11812e+26
62 8.43836e+26
62.5 1.39125e+27
63 2.29378e+27
63.5 3.78181e+27
64 6.23515e+27
64.5 1.028e+28
65 1.69489e+28
65.5 2.7944e+28
66 4.60719e+28
66.5 7.59597e+28
67 1.25236e+29
67.5 2.0648e+29
68 3.40428e+29
68.5 5.6127e+29
69 9.25378e+29
69.5 1.52569e+30
70 2.51544e+30
70.5 4.14726e+30
71 6.83767e+30
71.5 1.12734e+31
72 1.85867e+31
72.5 3.06443e+31
73 5.05239e+31
73.5 8.32999e+31
74 1.37338e+32
74.5 2.26433e+32
75 3.73324e+32
75.5 6.15508e+32
76 1.0148e+33
76.5 1.67312e+33
77 2.75851e+33
77.5 4.54802e+33
78 7.49842e+33
78.5 1.23628e+34
79 2.03828e+34
79.5 3.36056e+34
80 5.54062e+34
80.5 9.13494e+34
81 1.5061e+35
81.5 2.48313e+35
82 4.094e+35
82.5 6.74986e+35
83 1.11286e+36
83.5 1.8348e+36
84 3.02508e+36
84.5 4.98751e+36
85 8.22301e+36
85.5 1.35575e+37
86 2.23525e+37
86.5 3.6853e+37
87 6.07603e+37
87.5 1.00177e+38
88 1.65164e+38
88.5 2.72309e+38
89 4.48961e+38
89.5 7.40212e+38
90 1.2204e+39
90.5 2.0121e+39
91 3.3174e+39
91.5 5.46947e+39
92 9.01763e+39
92.5 1.48676e+40
93 2.45125e+40
93.5 4.04142e+40
94 6.66318e+40
94.5 1.09857e+41
95 1.81124e+41
95.5 2.98623e+41
96 4.92346e+41
96.5 8.11741e+41
97 1.33833e+42
97.5 2.20654e+42
98 3.63797e+42
98.5 5.998e+42
99 9.88903e+42
99.5 1.63043e+43
100 2.68812e+43
100.5 4.43196e+43
101 7.30706e+43
101.5 1.20473e+44
102 1.98626e+44
102.5 3.2748e+44
103 5.39923e+44
103.5 8.90182e+44
104 1.46766e+45
104.5 2.41977e+45
105 3.98952e+45
105.5 6.57761e+45
106 1.08446e+46
106.5 1.78798e+46
107 2.94788e+46
107.5 4.86023e+46
108 8.01316e+46
108.5 1.32115e+47
109 2.1782e+47
109.5 3.59125e+47
110 5.92097e+47
110.5 9.76203e+47
111 1.60949e+48
111.5 2.6536e+48
112 4.37504e+48
112.5 7.21322e+48
113 1.18926e+49
113.5 1.96076e+49
114 3.23274e+49
114.5 5.32989e+49
115 8.7875e+49
115.5 1.44881e+50
116 2.38869e+50
116.5 3.93829e+50
117 6.49313e+50
117.5 1.07054e+51
118 1.76502e+51
118.5 2.91002e+51
119 4.79781e+51
119.5 7.91026e+51
120 1.30418e+52
120.5 2.15023e+52
121 3.54513e+52
121.5 5.84493e+52
122 9.63667e+52
122.5 1.58882e+53
123 2.61952e+53
123.5 4.31885e+53
124 7.12059e+53
124.5 1.17399e+54
125 1.93558e+54
125.5 3.19123e+54
126 5.26144e+54
126.5 8.67465e+54
127 1.43021e+55
127.5 2.35801e+55
128 3.88771e+55
128.5 6.40975e+55
129 1.05679e+56
129.5 1.74235e+56
130 2.87265e+56
130.5 4.7362e+56
131 7.80867e+56
131.5 1.28743e+57
132 2.12262e+57
132.5 3.4996e+57
133 5.76987e+57
133.5 9.51291e+57
134 1.56841e+58
134.5 2.58588e+58
135 4.26339e+58
135.5 7.02914e+58
136 1.15891e+59
136.5 1.91072e+59
137 3.15024e+59
137.5 5.19387e+59
138 8.56325e+59
138.5 1.41184e+60
139 2.32773e+60
139.5 3.83778e+60
140 6.32743e+60
140.5 1.04322e+61
141 1.71997e+61
141.5 2.83576e+61
142 4.67537e+61
142.5 7.70839e+61
143 1.2709e+62
143.5 2.09536e+62
144 3.45466e+62
144.5 5.69577e+62
145 9.39074e+62
145.5 1.54827e+63
146 2.55267e+63
146.5 4.20864e+63
147 6.93887e+63
147.5 1.14403e+64
148 1.88618e+64
148.5 3.10979e+64
149 5.12717e+64
149.5 8.45328e+64
150 1.39371e+65
150.5 2.29784e+65
151 3.7885e+65
151.5 6.24617e+65
152 1.02982e+66
152.5 1.69789e+66
153 2.79934e+66
153.5 4.61533e+66
154 7.6094e+66
154.5 1.25458e+67
155 2.06845e+67
155.5 3.41029e+67
156 5.62263e+67
156.5 9.27014e+67
157 1.52839e+68
157.5 2.51989e+68
158 4.15459e+68
158.5 6.84976e+68
159 1.12933e+69
159.5 1.86196e+69
160 3.06985e+69
160.5 5.06133e+69
161 8.34472e+69
161.5 1.37581e+70
162 2.26833e+70
162.5 3.73984e+70
163 6.16596e+70
163.5 1.01659e+71
164 1.67608e+71
164.5 2.76339e+71
165 4.55606e+71
165.5 7.51167e+71
166 1.23847e+72
166.5 2.04188e+72
167 3.3665e+72
167.5 5.55042e+72
168 9.15109e+72
168.5 1.50876e+73
169 2.48752e+73
169.5 4.10124e+73
170 6.76179e+73
170.5 1.11483e+74
171 1.83805e+74
171.5 3.03043e+74
172 4.99633e+74
172.5 8.23755e+74
173 1.35814e+75
173.5 2.2392e+75
174 3.69181e+75
174.5 6.08677e+75
175 1.00354e+76
175.5 1.65456e+76
176 2.7279e+76
176.5 4.49755e+76
177 7.41521e+76
177.5 1.22256e+77
178 2.01566e+77
178.5 3.32327e+77
179 5.47914e+77
179.5 9.03357e+77
180 1.48938e+78
180.5 2.45558e+78
181 4.04857e+78
181.5 6.67496e+78
182 1.10051e+79
182.5 1.81444e+79
183 2.99151e+79
183.5 4.93216e+79
184 8.13176e+79
184.5 1.3407e+80
185 2.21044e+80
185.5 3.6444e+80
186 6.0086e+80
186.5 9.90651e+80
187 1.63331e+81
187.5 2.69287e+81
188 4.43979e+81
188.5 7.31998e+81
189 1.20686e+82
189.5 1.98978e+82
190 3.28059e+82
190.5 5.40877e+82
191 8.91756e+82
191.5 1.47026e+83
192 2.42404e+83
192.5 3.99657e+83
193 6.58924e+83
193.5 1.08638e+84
194 1.79114e+84
194.5 2.95309e+84
195 4.86882e+84
195.5 8.02733e+84
196 1.32348e+85
196.5 2.18206e+85
197 3.5976e+85
197.5 5.93144e+85
198 9.77929e+85
198.5 1.61233e+86
199 2.65829e+86
199.5 4.38277e+86
200 7.22597e+86
